#(carId,StartTime,RoadId...)
(10271,1,5019,5030,5041)
(10090,2,5016,5027,5033,5039,5050)
(10279,3,5025,5031,5042,5053)
(10341,4,5004,5009,5014,5019,5030,5041)
(10299,5,5029,5018,5007,5001)
(10310,6,5017,5028,5034,5040)
(10077,7,5005,5016,5027,5033,5034,5040)
(10311,8,5013,5019,5030,5041)
(10317,9,5052,5046,5040,5029,5018,5007)
(10336,10,5003,5009,5020,5031,5037,5043,5054)
(10248,11,5009,5020,5031,5037,5043,5054)
(10378,12,5019,5030,5041,5046,5045,5050,5055)
(10392,13,5028,5017,5006)
(10290,14,5050,5045,5046,5041,5030,5019,5014,5015)
(10397,14,5027,5033,5034,5040,5046,5047,5053)
(10407,16,5054,5043,5032)
(10409,17,5053,5042,5031,5025,5019,5014,5009)
(10046,18,5041,5030,5019)
(10402,19,5039,5033,5027,5016,5005)
(10042,19,5045,5046,5041,5030,5019,5014,5009)
(10419,20,5008,5019,5030,5041,5046,5045,5050,5055)
(10221,21,5030,5019,5008,5002,5001)
(10162,22,5039,5034,5029,5018,5007)
(10163,23,5028,5034,5040,5046,5052)
(10169,24,5001,5007,5013,5019,5030,5041,5052)
(10170,25,5027,5033,5039,5050)
(10184,27,5049,5038,5027)
(10140,27,5031,5025,5019,5008,5002,5001,5000)
(10123,28,5007,5013,5019,5030,5041,5052)
(10217,29,5021,5032,5043)
(10118,30,5050,5039,5033,5027,5016)
(10511,31,5016,5027,5033,5039,5050)
(10227,33,5046,5040,5034,5033,5027,5016)
(10233,34,5014,5020,5031,5037,5043,5054)
(10226,35,5007,5013,5019,5030,5041)
(10112,35,5014,5020,5031,5042)
(10111,36,5015,5020,5031,5042,5053)
(10240,37,5052,5046,5040,5029)
(10107,38,5016,5027,5033,5039)
(10104,39,5013,5019,5030,5041,5052)
(10103,40,5041,5030,5019,5014,5009,5004)
(10031,41,5031,5025,5019,5014,5009)
(10484,44,5024,5025,5031,5037,5043,5054)
(10459,44,5005,5016,5027,5038,5049)
(10447,45,5052,5046,5040,5029)
(10425,46,5001,5007,5018,5029,5040)
(10461,47,5040,5034,5033,5027,5016,5005)
(10018,49,5028,5039,5050)
(10421,50,5045,5046,5041,5030,5019,5008)
(10437,51,5046,5040,5034,5028,5017)
(10239,52,5040,5029,5018,5007)
(10481,52,5004,5009,5014,5019,5024,5023,5022,5027,5038)
(10478,53,5030,5019,5008,5002,5001,5000)
(10245,54,5027,5016,5005)
(10020,55,5049,5038,5027,5022,5017,5006)
(10249,56,5027,5038,5049)
(10251,57,5048,5047,5046,5040,5034,5033,5027,5016,5005)
(10255,58,5051,5046,5041,5030,5019,5014,5009)
(10273,60,5017,5028,5034,5040,5051)
(10445,61,5019,5030,5041,5046,5045,5050,5055)
(10023,62,5045,5046,5041,5030,5019,5008)
(10277,63,5047,5046,5040,5034,5033,5027,5016,5005)
(10087,64,5027,5038,5049)
(10006,65,5013,5014,5020,5031,5037,5043,5054)
(10152,66,5047,5046,5040,5034,5033,5027,5016,5005)
(10155,67,5046,5040,5029,5018,5007,5001)
(10161,68,5050,5045,5046,5041,5030,5019,5014,5015)
(10002,69,5024,5025,5031,5037,5043,5054)
(10166,70,5053,5042,5031,5025,5019,5014)
(10171,72,5001,5007,5018,5029,5040,5051)
(10280,72,5050,5045,5046,5041,5030,5019)
(10499,72,5027,5038,5049)
(10181,73,5009,5020,5031,5042,5053)
(10137,74,5029,5018,5007,5001)
(10474,75,5012,5013,5014,5020,5031,5037,5043,5054)
(10185,76,5027,5038,5049)
(10195,77,5038,5027,5016,5005)
(10199,78,5048,5047,5046,5040,5034,5028,5017)
(10269,79,5031,5025,5019,5008,5002,5001,5000)
(10201,79,5032,5043,5054)
(10211,81,5015,5014,5019,5030,5041,5046,5045,5050)
(10220,82,5018,5029,5040)
(10266,83,5004,5009,5020,5031,5042)
(10039,87,5049,5038,5027,5022,5017,5012)
(10367,87,5052,5046,5040,5034,5033,5027,5016,5005)
(10038,88,5033,5027,5016,5005)
(10207,88,5050,5039,5033,5027)
(10404,89,5031,5042,5053)
(10034,90,5043,5032,5021,5010)
(10394,91,5029,5040,5046,5052)
(10475,92,5004,5009,5014,5019,5030,5041,5046,5045,5050)
(10369,94,5032,5021,5010)
(10387,94,5049,5038,5027,5022,5017,5006,5001)
(10438,95,5029,5018,5007,5001)
(10062,96,5038,5027,5016)
(10066,97,5014,5019,5030,5041,5046,5051)
(10339,98,5021,5032,5043)
(10440,99,5016,5027,5033,5034,5040,5051)
(10029,102,5046,5040,5034,5033,5027,5016)
(10446,103,5051,5040,5034,5028)
(10306,103,5039,5033,5027,5016)
(10332,103,5014,5019,5030,5041,5046,5051)
(10302,105,5029,5018,5007)
(10496,106,5053,5042,5031,5026,5021,5010)
(10303,106,5038,5027,5022,5017,5006,5001)
(10390,107,5037,5031,5025,5019,5008)
(10416,108,5031,5025,5019,5008,5002)
(10198,108,5016,5027,5033,5034,5040,5051)
(10197,109,5046,5041,5030,5019,5008)
(10393,110,5033,5027,5016,5005)
(10183,112,5009,5020,5031)
(10188,112,5054,5048,5047,5046,5040,5034,5033,5027,5016,5005)
(10301,114,5024,5025,5031,5037,5043,5054)
(10408,115,5033,5027,5016,5005)
(10436,115,5031,5037,5043,5054)
(10424,117,5028,5017,5006)
(10209,117,5027,5016,5005)
(10500,118,5032,5043,5054)
(10167,119,5007,5018,5029,5034,5039,5050)
(10410,121,5029,5040,5046,5047,5053)
(10451,121,5000,5001,5007,5013,5014,5020,5031,5037,5043)
(10001,122,5031,5042,5053)
(10412,123,5053,5047,5046,5040,5029,5018,5007)
(10160,124,5020,5031,5037,5043)
(10293,125,5020,5031,5042)
(10154,126,5000,5001,5007,5013,5019,5030,5041,5052)
(10287,128,5039,5028,5017,5006)
(10253,129,5008,5019,5030,5041,5052)
(10477,130,5054,5043,5037,5031,5025,5019,5008,5002,5001)
(10464,130,5027,5038,5049)
(10247,131,5017,5028,5039)
(10340,132,5037,5031,5025,5019,5008,5002,5001,5000)
(10472,133,5032,5043,5054)
(10473,134,5032,5021,5010)
(10258,135,5051,5046,5041,5030,5019,5014,5009)
(10456,136,5031,5025,5019,5008,5002,5001)
(10237,136,5013,5014,5020,5031,5042,5053)
(10361,138,5001,5006,5017,5022,5027,5038)
(10344,138,5027,5016,5005)
(10235,139,5025,5031,5042,5053)
(10380,140,5015,5014,5019,5030,5041,5046,5045,5050,5055)
(10363,142,5052,5046,5040,5034,5028,5017)
(10313,143,5018,5029,5040)
(10267,144,5042,5031,5025,5019,5014)
(10312,146,5054,5043,5037,5031,5025,5019,5008,5002)
(10489,147,5029,5018,5007)
(10216,147,5028,5034,5040,5046,5047,5053)
(10214,148,5017,5022,5027,5038,5049)
(10480,149,5007,5018,5029,5040,5051)
(10491,149,5043,5032,5021,5015)
(10212,151,5038,5027,5016,5005)
(10000,152,5019,5030,5041)
(10132,153,5046,5040,5029,5018,5007,5001)
(10324,154,5007,5013,5014,5020,5031,5042,5053)
(10063,154,5054,5043,5037,5031,5025,5024)
(10068,155,5000,5001,5007,5013,5019,5030)
(10069,156,5015,5014,5019,5030,5041,5046,5045,5050)
(10056,157,5017,5028,5034,5040,5051)
(10052,158,5031,5042,5053)
(10073,159,5029,5018,5007,5001)
(10035,160,5052,5041,5030,5019,5014,5009)
(10030,161,5051,5046,5041,5030,5019,5008)
(10027,162,5030,5019,5008)
(10142,163,5001,5007,5013,5014,5020,5031,5042,5053)
(10092,164,5054,5048,5047,5046,5040,5034,5033,5027,5016)
(10108,166,5031,5037,5043,5054)
(10102,166,5027,5016,5005)
(10003,167,5038,5027,5022,5017,5012,5013,5014,5009)
(10109,168,5051,5040,5034,5028,5017)
(10010,169,5017,5028,5034,5040)
(10149,170,5032,5043,5054)
(10082,172,5016,5027,5033,5034,5040,5051)
(10075,173,5004,5009,5020,5031,5042)
(10072,174,5008,5019,5030,5041,5046,5045,5050,5055)
(10305,175,5025,5031,5042,5053)
(10234,175,5008,5019,5030,5041)
(10342,176,5009,5020,5031)
(10065,177,5032,5021,5010)
(10153,180,5028,5034,5040,5046,5052)
(10231,181,5054,5043,5037,5031,5025,5019,5008,5002)
(10080,182,5032,5043,5054)
(10259,183,5025,5031,5042,5053)
(10359,183,5004,5009,5014,5019,5030,5041,5046,5045,5050,5055)
(10300,184,5000,5001,5007,5013,5014,5020,5031,5037,5043,5054)
(10298,185,5021,5032,5043)
(10244,186,5027,5033,5034,5040,5046,5047,5053)
(10105,187,5004,5009,5014,5019,5030,5041,5046,5045)
(10296,188,5055,5050,5045,5046,5041,5030,5019,5008)
(10295,189,5042,5031,5025,5019,5014,5009)
(10350,189,5050,5045,5046,5041,5030,5019,5014)
(10288,191,5025,5031,5042,5053)
(10089,192,5050,5039,5033,5027,5016)
(10100,193,5042,5031,5025,5019,5008)
(10292,193,5025,5031,5042,5053)
(10094,194,5040,5034,5033,5027,5016)
(10095,195,5031,5042,5053)
(10028,196,5019,5030,5041,5046,5051)
(10504,198,5029,5040,5046,5052)
(10004,200,5020,5031,5037,5043)
(10005,201,5046,5041,5030,5019,5008)
(10015,203,5029,5018,5007,5001)
(10016,204,5006,5017,5028,5039)
(10501,204,5025,5031,5042,5053)
(10493,205,5045,5046,5041,5030,5019,5014,5009,5004)
(10470,205,5052,5046,5040,5034,5033,5027)
(10463,207,5001,5006,5017,5022,5027,5038)
(10453,209,5055,5050,5045,5046,5041,5030,5019,5014,5015)
(10450,209,5030,5019,5008,5002)
(10449,210,5046,5041,5030,5019,5014,5009,5004)
(10026,211,5016,5027,5033,5034,5040,5046,5047)
(10365,212,5021,5032,5043)
(10442,213,5037,5031,5025,5019,5008,5002,5001,5000)
(10432,215,5055,5050,5045,5046,5041,5030,5019,5014,5009,5004)
(10430,216,5027,5033,5034,5040,5046,5052)
(10510,217,5046,5040,5034,5033,5027,5016)
(10040,217,5009,5014,5019,5030,5041,5046,5045)
(10043,218,5007,5013,5019,5030)
(10045,219,5048,5047,5046,5040,5034,5033,5027,5016)
(10047,220,5031,5025,5019,5008,5002,5001)
(10053,221,5029,5018,5007)
(10388,222,5055,5050,5045,5046,5041,5030,5019,5014,5015)
(10386,223,5054,5043,5037,5031,5025,5019)
(10371,224,5015,5014,5019,5030,5041,5052)
(10368,225,5024,5025,5031,5037,5043,5054)
(10366,226,5028,5034,5035,5036,5037,5043,5054)
(10435,226,5050,5039,5028,5017)
(10215,227,5027,5016,5005)
(10180,228,5051,5040,5029,5018,5007,5001)
(10179,229,5003,5009,5020,5031,5042,5053)
(10148,230,5027,5033,5034,5040,5046,5052)
(10127,231,5001,5007,5013,5014,5020,5031,5037,5043,5054)
(10223,232,5025,5031,5037,5043,5054)
(10159,233,5016,5027,5033,5034,5040)
(10176,234,5004,5009,5014,5019,5030,5041,5046)
(10218,235,5027,5016,5005)
(10225,236,5021,5032,5043)
(10136,237,5012,5013,5014,5020,5031,5037,5043)
(10156,238,5050,5045,5046,5041,5030,5019)
(10192,239,5021,5032,5043,5054)
(10131,240,5030,5019,5008)
(10122,241,5037,5031,5025,5019,5008)
(10415,243,5055,5050,5045,5046,5041,5030,5019,5014,5009)
(10420,244,5037,5031,5025,5019,5008,5002,5001)
(10206,244,5038,5027,5016)
(10426,245,5037,5031,5025,5019,5008,5002,5001)
(10084,247,5027,5016,5005)
(10135,248,5049,5038,5027,5022,5017,5006)
(10124,248,5020,5031,5037,5043,5054)
(10468,250,5031,5025,5019,5008,5002,5001,5000)
(10213,250,5034,5033,5027,5016,5005)
(10286,251,5013,5019,5030,5041)
(10032,252,5049,5038,5027,5022,5017,5012)
(10439,253,5008,5019,5030,5041,5046)
(10282,254,5004,5009,5014,5019,5030,5041,5052)
(10088,256,5030,5041,5052)
(10364,259,5029,5018,5007,5001)
(10319,259,5027,5016,5005)
(10330,260,5028,5034,5035,5036,5037,5043,5054)
(10348,260,5004,5009,5014,5019,5030,5041,5052)
(10115,261,5031,5042,5053)
(10058,263,5052,5046,5040,5034,5033,5027,5016)
(10383,264,5037,5031,5025,5019,5008,5002,5001,5000)
(10133,265,5025,5031,5042,5053)
(10327,265,5038,5027,5022,5017,5006)
(10322,266,5012,5013,5014,5020,5031,5042)
(10443,266,5050,5039,5034,5029,5018)
(10187,267,5007,5013,5014,5020,5031,5042)
(10434,268,5046,5040,5029,5018,5007,5001)
(10304,268,5028,5034,5040,5051)
(10396,269,5018,5029,5034,5039,5050)
(10203,270,5031,5042,5053)
(10401,271,5010,5021,5032,5043,5054)
(10314,272,5033,5027,5016,5005)
(10204,274,5038,5027,5016)
(10050,274,5038,5027,5016,5005)
(10049,275,5037,5031,5025,5019,5008,5002)
(10151,276,5001,5007,5013,5019,5030,5041)
(10308,277,5015,5014,5019,5030,5041,5052)
(10411,279,5027,5038,5049)
(10147,279,5045,5046,5041,5030,5019,5014,5009,5004)
(10260,281,5052,5046,5040,5029,5018)
(10017,281,5034,5033,5027,5016,5005)
(10013,282,5027,5016,5005)
(10256,283,5047,5046,5040,5034,5033,5027,5016,5005)
(10009,285,5027,5033,5034,5040,5051)
(10483,286,5052,5041,5030,5019,5014)
(10486,287,5015,5020,5031,5042,5053)
(10219,288,5029,5018,5007,5001)
(10101,289,5012,5013,5019,5030,5041)
(10119,290,5004,5009,5014,5019,5024,5023,5022,5027,5038)
(10091,291,5052,5046,5040,5034,5028)
(10106,293,5039,5033,5027,5016)
(10485,294,5007,5013,5014,5020,5031,5037,5043)
(10498,295,5033,5027,5016,5005)
(10497,295,5012,5013,5014,5020,5031,5037,5043)
(10157,297,5031,5025,5019,5008,5002,5001,5000)
(10110,298,5017,5022,5027,5038,5049)
(10241,299,5014,5019,5030,5041,5046,5051)
(10114,299,5050,5039,5033,5027)
(10150,300,5032,5043,5054)
(10229,301,5039,5028,5017)
(10448,302,5020,5031,5037,5043)
(10471,303,5015,5014,5019,5030,5041,5046,5051)
(10261,304,5055,5050,5045,5046,5041,5030,5019,5008)
(10278,305,5043,5037,5031,5025,5024,5018)
(10021,306,5018,5029,5040)
(10096,309,5033,5027,5016,5005)
(10061,310,5016,5027,5033,5034,5040,5046,5047)
(10465,311,5039,5028,5017,5006)
(10502,312,5043,5037,5031,5025,5019,5008)
(10059,313,5015,5014,5019,5030,5041,5046,5045,5050)
(10173,315,5053,5047,5046,5040,5034,5033,5027)
(10389,317,5005,5016,5027,5038)
(10503,318,5039,5033,5027,5016,5005)
(10505,318,5037,5031,5025,5019,5008,5002)
(10444,319,5030,5019,5008,5002,5001,5000)
(10379,321,5050,5039,5028,5017)
(10353,321,5051,5040,5029,5018,5007)
(10060,321,5049,5038,5027,5016)
(10191,323,5050,5039,5033,5027)
(10129,323,5039,5034,5029,5018,5007)
(10067,324,5048,5047,5046,5040,5034,5033,5027,5016,5005)
(10347,324,5025,5031,5042,5053)
(10139,325,5033,5027,5016,5005)
(10452,326,5053,5047,5046,5040,5029,5018,5007,5001)
(10458,327,5053,5042,5031,5025)
(10265,328,5031,5025,5019,5008)
(10178,328,5047,5046,5040,5034,5033,5027,5016,5005)
(10462,329,5048,5047,5046,5040,5034,5028,5017)
(10143,330,5053,5042,5031,5026,5021,5010)
(10400,331,5018,5029,5040)
(10051,332,5045,5046,5041,5030,5019,5014,5009)
(10008,333,5052,5046,5040,5034,5033,5027,5016,5005)
(10427,334,5016,5027,5033,5034,5040,5046,5047,5053)
(10469,335,5016,5027,5033,5034,5040)
(10494,335,5031,5025,5019,5014,5009)
(10037,336,5045,5046,5041,5030,5019,5014,5009,5004)
(10138,338,5042,5031,5025,5019,5014)
(10423,339,5031,5037,5043,5054)
(10414,339,5053,5042,5031,5025,5019,5014,5009)
(10085,341,5014,5019,5030,5041,5052)
(10320,342,5051,5040,5029,5018)
(10417,343,5009,5014,5019,5030,5041,5046,5045,5050)
(10326,345,5047,5046,5040,5029,5018)
(10263,345,5019,5030,5041,5046,5045,5050,5055)
(10121,347,5027,5016,5005)
(10318,347,5032,5043,5054)
(10272,349,5029,5018,5007)
(10076,349,5031,5042,5053)
(10254,350,5043,5032,5021)
(10268,352,5046,5040,5034,5033,5027,5016,5005)
(10275,353,5007,5013,5014,5020,5031,5037)
(10079,353,5027,5033,5034,5040,5051)
(10337,354,5052,5041,5030,5019,5014,5009)
(10125,356,5004,5009,5014,5019,5030,5041,5046,5051)
(10289,357,5055,5050,5045,5046,5041,5030,5019)
(10099,357,5050,5039,5034,5029,5018,5007)
(10338,357,5051,5040,5034,5033,5027,5016)
(10236,358,5005,5016,5027,5033,5039,5050)
(10283,359,5001,5007,5013,5014,5020,5031)
(10294,360,5055,5050,5045,5046,5041,5030,5019,5014,5015)
(10457,361,5017,5022,5027,5038,5049)
(10270,363,5027,5033,5034,5035,5036,5037,5043,5054)
(10022,364,5014,5020,5031,5042,5053)
(10055,365,5028,5017,5006)
(10285,366,5032,5021,5010)
(10433,367,5037,5031,5025,5019,5008,5002,5001,5000)
(10385,367,5004,5009,5020,5031,5042)
(10057,368,5014,5020,5031,5037,5043)
(10120,369,5051,5040,5034,5028)
(10126,370,5027,5016,5005)
(10454,371,5032,5043,5054)
(10025,372,5008,5019,5030)
(10036,373,5051,5040,5029,5018)
(10078,375,5051,5046,5041,5030,5019,5014)
(10297,376,5047,5046,5040,5029,5018,5007,5001)
(10406,376,5028,5039,5050)
(10175,377,5052,5046,5040,5029,5018,5007,5001)
(10081,378,5027,5016,5005)
(10182,379,5038,5027,5016)
(10441,380,5008,5019,5030,5041,5046,5051)
(10418,381,5015,5014,5019,5030,5041,5052)
(10041,382,5033,5027,5016,5005)
(10083,383,5001,5007,5018,5029,5040,5051)
(10202,384,5047,5046,5040,5034,5033,5027,5016)
(10196,385,5001,5007,5013,5014,5020,5031,5042,5053)
(10488,386,5040,5034,5033,5027,5016)
(10487,388,5040,5029,5018)
(10243,389,5055,5050,5045,5046,5041,5030,5019,5014)
(10495,390,5028,5039,5050)
(10194,390,5052,5046,5040,5034,5033,5027)
(10158,391,5029,5040,5046,5047,5053)
(10334,392,5003,5009,5020,5031,5037,5043,5054)
(10252,393,5031,5042,5053)
(10331,394,5005,5016,5027,5038,5049)
(10335,396,5029,5018,5007,5001)
(10352,397,5043,5032,5021,5010)
(10070,398,5046,5040,5034,5033,5027,5016)
(10466,399,5040,5029,5018)
(10373,400,5013,5019,5030,5041)
(10164,401,5039,5033,5027,5016,5005)
(10130,402,5046,5041,5030,5019,5014,5009)
(10165,403,5007,5018,5029,5040,5051)
(10144,404,5004,5009,5014,5019,5030,5041)
(10467,406,5005,5016,5027,5038)
(10200,407,5025,5031,5037,5043,5054)
(10116,408,5047,5046,5040,5029,5018)
(10492,409,5040,5034,5033,5027,5016)
(10509,410,5006,5017,5022,5027,5038,5049)
(10033,411,5024,5025,5031,5037,5043,5054)
(10382,411,5004,5009,5014,5019,5030,5041,5046,5045,5050,5055)
(10508,412,5021,5032,5043)
(10238,413,5052,5046,5040,5029,5018,5007)
(10506,414,5003,5009,5020,5031,5037)
(10168,416,5033,5027,5016,5005)
(10329,416,5031,5025,5019,5008,5002,5001)
(10284,417,5004,5009,5014,5019,5030,5041,5046,5051)
(10228,418,5019,5030,5041,5046,5045,5050)
(10019,419,5047,5046,5040,5029,5018,5007)
(10264,419,5025,5031,5037,5043,5054)
(10262,420,5027,5016,5005)
(10145,421,5004,5009,5014,5019,5030,5041,5046,5045)
(10014,422,5007,5013,5014,5020,5031)
(10012,424,5028,5039,5050)
(10007,425,5016,5027,5033,5034,5040,5051)
(10093,426,5052,5041,5030,5019,5014,5009,5004)
(10141,428,5020,5031,5042)
(10274,429,5040,5029,5018,5007,5001)
(10482,429,5052,5041,5030,5019,5014,5009)
(10174,430,5015,5020,5031,5042,5053)
(10276,431,5012,5013,5014,5020,5031,5042,5053)
(10281,432,5020,5031,5042,5053)
(10381,433,5028,5034,5035,5036,5037,5043,5054)
(10398,436,5027,5033,5039,5050)
(10186,437,5030,5041,5052)
(10399,438,5025,5031,5042,5053)
(10321,439,5009,5020,5031,5037,5043,5054)
(10323,440,5040,5034,5033,5027,5016,5005)
(10189,441,5010,5021,5032,5043,5054)
(10384,442,5008,5019,5030,5041,5046,5045,5050,5055)
(10391,442,5038,5027,5022,5017,5012,5013,5014,5009)
(10358,444,5006,5017,5022,5027,5038)
(10360,445,5032,5021,5010,5004)
(10357,446,5047,5046,5040,5034,5028,5017)
(10376,446,5054,5043,5032,5021,5015)
(10431,448,5028,5034,5040,5046,5047,5053)
(10193,449,5014,5020,5031,5037,5043,5054)
(10190,450,5037,5031,5025,5019,5008,5002)
(10362,451,5019,5030,5041,5046,5045,5050)
(10071,451,5016,5027,5033,5034,5040,5046)
(10048,453,5037,5031,5025,5019,5008)
(10422,454,5020,5031,5042,5053)
(10370,455,5004,5009,5014,5019,5030,5041)
(10208,455,5019,5030,5041,5046,5051)
(10413,457,5031,5042,5053)
(10395,457,5031,5025,5019,5014,5009)
(10346,458,5010,5021,5032,5043,5054)
(10349,458,5045,5046,5041,5030,5019,5014,5009)
(10351,459,5016,5027,5033,5034,5040,5046,5052)
(10345,460,5030,5019,5008,5002)
(10355,461,5051,5046,5041,5030,5019)
(10507,464,5005,5016,5027,5038,5049)
(10455,464,5031,5025,5019,5008,5002)
(10128,464,5052,5046,5040,5034,5028,5017)
(10316,465,5039,5033,5027,5016,5005)
(10064,465,5032,5043,5054)
(10250,466,5032,5021,5010)
(10333,467,5034,5033,5027,5016,5005)
(10230,469,5047,5046,5040,5034,5033,5027,5016,5005)
(10343,469,5031,5037,5043,5054)
(10098,470,5027,5016,5005)
(10490,471,5028,5034,5035,5036,5037,5043,5054)
(10232,473,5047,5046,5040,5034,5033,5027,5016,5005)
(10113,473,5027,5016,5005)
(10354,476,5055,5050,5045,5046,5041,5030,5019)
(10224,477,5008,5019,5030)
(10246,477,5047,5046,5040,5029,5018,5007,5001)
(10222,479,5012,5013,5014,5020,5031,5042,5053)
(10242,480,5024,5025,5031,5037,5043,5054)
(10117,481,5050,5045,5046,5041,5030,5019)
(10356,481,5032,5043,5054)
(10315,482,5055,5050,5045,5046,5041,5030,5019)
(10097,483,5050,5039,5034,5029,5018,5007)
(10086,484,5033,5027,5016,5005)
(10291,484,5027,5016,5005)
(10177,485,5027,5033,5034,5040,5046,5047,5053)
(10429,487,5000,5001,5007,5013,5014,5020,5031,5037,5043,5054)
(10210,488,5013,5014,5020,5031,5042)
(10205,490,5038,5027,5022,5017,5012,5013,5014,5009)
(10307,491,5009,5014,5019,5024,5023,5022,5027,5038)
(10309,492,5055,5050,5045,5046,5041,5030,5019,5014,5009)
(10172,493,5039,5034,5029,5018,5007)
(10428,494,5004,5009,5020,5031,5042,5053)
(10405,495,5027,5016,5005)
(10403,495,5014,5020,5031,5037,5043,5054)
(10044,495,5050,5039,5028)
(10074,496,5046,5040,5034,5028,5017)
(10146,497,5025,5031,5037,5043,5054)
(10024,498,5028,5017,5006)
(10134,499,5046,5041,5030,5019,5014,5009)
(10054,501,5032,5043,5054)
(10325,502,5029,5018,5007,5001)
(10460,502,5014,5019,5030,5041,5046,5051)
(10377,504,5010,5021,5032)
(10374,506,5037,5031,5025,5019,5008)
(10375,507,5038,5027,5022,5017,5006)
(10372,507,5042,5031,5025,5019,5014)
(10257,509,5037,5031,5025,5019,5008,5002,5001,5000)
(10479,510,5001,5007,5013,5014,5020,5031,5037)
(10476,510,5027,5016,5005)
(10011,511,5007,5013,5014,5020,5031,5037)
(10328,512,5050,5039,5028,5017)
