#(carId,StartTime,RoadId...)
(10108,1,5020,5024,5023,5028,5039,5049,5054,5053)
(11334,2,5018,5028,5039,5049)
(10981,4,5028,5018,5012,5006,5000)
(10976,4,5009,5020,5024,5029,5040)
(10438,5,5027,5017,5006,5000)
(11396,6,5012,5018,5028,5039,5044,5045)
(10207,7,5031,5042,5052)
(11139,8,5047,5037,5026,5022,5017,5012,5007)
(11401,9,5051,5046,5042,5031,5021,5015,5009)
(11880,10,5007,5012,5017,5022,5026,5037)
(11472,12,5029,5023,5018,5012,5006,5000)
(10202,13,5031,5042,5052)
(11525,16,5026,5016,5005)
(11476,17,5039,5028,5018,5012,5006,5000)
(10450,18,5044,5039,5028,5018,5007)
(10451,19,5039,5028,5018,5007,5002,5003)
(10354,20,5028,5039,5044,5045,5051)
(10352,22,5019,5024,5030,5041,5051)
(11581,23,5026,5016,5005)
(10082,24,5038,5027,5017,5006)
(10963,25,5002,5007,5012,5017,5022,5026,5037)
(10955,26,5008,5019,5024,5030,5041,5051)
(11747,27,5008,5019,5024,5030,5041,5051)
(10946,28,5040,5029,5024,5025,5021,5010)
(10787,29,5008,5019,5024,5030,5036,5042)
(10465,31,5012,5018,5028,5039,5044,5045)
(11705,32,5024,5030,5041,5051)
(10155,33,5009,5020,5030,5041)
(10142,34,5011,5012,5018,5028,5039)
(11674,36,5047,5037,5026,5022,5017)
(10146,37,5021,5031,5042)
(11504,40,5026,5037,5047)
(11029,41,5007,5018,5023,5024,5030)
(11128,42,5042,5031,5021,5010)
(10380,43,5006,5012,5018,5028,5039)
(11944,43,5052,5042,5031,5021,5015)
(11072,44,5011,5012,5018,5023,5024,5030,5036,5042)
(10171,45,5052,5042,5031,5021)
(10168,46,5007,5012,5017,5027,5038,5048)
(10388,47,5021,5025,5024,5023,5028,5039,5049,5054)
(10383,49,5024,5030,5041,5051)
(10888,50,5047,5037,5026)
(10140,51,5042,5036,5030,5024,5023,5018,5007)
(11672,52,5024,5030,5036,5042,5052)
(10136,53,5042,5036,5030,5024,5023,5018,5012,5006)
(10414,55,5030,5036,5042,5052)
(11380,55,5004,5003,5002,5007,5012,5017,5022,5026,5037)
(10189,56,5018,5023,5024,5030,5036,5042)
(11110,58,5038,5027,5022,5016)
(10640,59,5007,5018,5028,5039)
(11113,61,5042,5036,5030,5024,5019,5008)
(10998,62,5011,5012,5018,5023,5024,5030,5036,5042)
(11971,63,5051,5046,5042,5031,5021,5010)
(10743,65,5026,5016,5005)
(10625,65,5027,5017,5006,5000)
(11315,67,5000,5006,5012,5018,5028,5039,5044,5050)
(10022,68,5030,5041,5051)
(10920,70,5009,5020,5030,5036,5042)
(11769,70,5000,5006,5012,5018,5028,5039,5044,5050)
(11664,71,5031,5042,5052)
(11019,71,5052,5042,5036,5030,5024,5023,5018,5012)
(10479,71,5027,5017,5006)
(10013,73,5019,5024,5030,5036,5042)
(12043,74,5022,5027,5033,5039,5044,5045,5051)
(10289,75,5002,5007,5018,5028,5039)
(10274,76,5022,5027,5033,5039,5044,5050)
(10529,77,5019,5023,5028,5039,5049)
(11836,78,5004,5003,5002,5007,5012,5017,5022,5026,5037,5047)
(10504,79,5030,5024,5019,5008)
(10713,79,5031,5042,5052)
(10823,82,5049,5039,5028)
(10849,83,5045,5044,5039,5028,5018,5012,5011)
(11841,83,5031,5042,5052)
(10487,85,5022,5027,5033,5039,5044,5045,5051)
(11995,86,5020,5024,5023,5028,5039,5049,5054,5053)
(11230,87,5031,5021,5010)
(11293,88,5038,5027,5017,5012,5007,5002,5003)
(11813,88,5020,5024,5029,5040,5050)
(10273,89,5021,5025,5024,5029,5040,5050)
(10874,90,5046,5042,5031,5021,5015)
(10517,91,5050,5044,5039,5033,5027,5022)
(10272,92,5028,5039,5044,5045,5051)
(10063,94,5030,5036,5042,5052)
(11557,95,5009,5020,5030,5041,5051)
(10501,95,5044,5039,5028,5018)
(10004,96,5028,5039,5044,5050)
(11013,96,5031,5042,5052)
(11456,99,5003,5002,5007,5012,5017,5022,5026,5037)
(10868,100,5046,5042,5031,5021,5015)
(11112,100,5031,5042,5052)
(11817,101,5045,5044,5039,5028,5018,5012,5006,5000)
(11282,102,5021,5025,5024,5029,5040,5050)
(10503,103,5049,5039,5028,5018,5012,5006)
(11262,104,5037,5026,5022,5017,5006)
(11209,105,5011,5012,5018,5023,5024,5030,5036,5042)
(11783,105,5047,5037,5026,5022,5017,5012,5007,5002,5003)
(11251,106,5039,5028,5018,5007,5002,5003)
(10540,107,5010,5021,5031)
(11717,108,5012,5018,5028,5039,5044,5045)
(11744,111,5028,5018,5007)
(11379,113,5040,5029,5024,5025,5021,5010)
(10723,114,5047,5037,5026,5022,5017,5012,5013,5014)
(11086,116,5030,5024,5019,5008)
(10827,116,5031,5042,5052)
(10731,116,5042,5036,5030,5024,5019)
(10896,117,5000,5006,5012,5018,5028,5039,5049)
(10379,118,5007,5012,5017,5027,5038)
(11036,119,5053,5054,5049,5039,5028,5023,5024,5025,5021)
(10278,121,5037,5026,5022,5017,5012,5007,5002)
(10891,122,5010,5021,5031,5042,5052)
(10890,125,5051,5046,5042,5031,5021)
(11213,126,5038,5027,5017,5012,5007,5002)
(10516,128,5011,5012,5018,5028,5039,5044,5045,5051)
(10227,128,5037,5026,5022,5017,5012,5007,5002)
(11569,129,5031,5042,5052)
(10762,129,5007,5018,5028)
(11053,130,5045,5044,5039,5028,5018,5012,5011)
(10923,131,5050,5040,5029,5024,5025,5021,5010)
(10247,132,5005,5016,5026,5037,5047,5053)
(10922,132,5027,5033,5039,5044,5050)
(11137,134,5030,5036,5042,5052)
(10964,134,5026,5016,5005)
(11934,135,5026,5016,5005)
(10224,135,5049,5039,5028,5023,5024,5025,5021)
(11418,136,5054,5049,5039,5028,5023,5019)
(11454,137,5004,5003,5002,5007,5012,5017,5022,5026,5037)
(11890,138,5005,5016,5026)
(11470,139,5002,5007,5018,5028,5039)
(11788,141,5009,5020,5024,5029,5040,5050)
(10795,144,5029,5023,5018,5012,5006,5000)
(10940,146,5047,5037,5026,5022,5017,5012,5007,5002)
(11367,146,5038,5027,5017,5012,5007,5002)
(11856,146,5024,5030,5036,5042,5052)
(11460,148,5050,5040,5029,5019,5014,5009)
(10800,148,5011,5012,5018,5028,5039)
(10736,148,5020,5030,5036,5042)
(11376,149,5019,5023,5028,5039,5049)
(11901,151,5002,5007,5018,5028,5039)
(10334,153,5039,5028,5018,5012,5006,5000)
(10303,155,5054,5049,5039,5028,5023,5019,5014)
(10758,156,5045,5044,5039,5028,5018,5012,5006)
(11496,158,5052,5042,5036,5030,5024,5023,5018,5012,5006,5000)
(11439,158,5011,5012,5018,5028,5039,5049)
(10816,158,5047,5037,5026)
(11419,159,5028,5039,5044,5050)
(10210,160,5044,5039,5028,5018,5012,5011)
(10980,161,5016,5026,5037,5047,5053)
(10212,162,5030,5024,5019,5008)
(10321,163,5040,5029,5019)
(10197,164,5038,5027,5022,5016)
(10358,164,5006,5017,5027)
(10759,165,5021,5025,5024,5029,5040,5050)
(10042,168,5027,5033,5039,5044,5050)
(11178,170,5039,5028,5018,5007,5002,5003)
(11538,171,5004,5009,5020,5024,5023,5028,5039)
(11980,172,5036,5030,5024,5023,5018,5012,5006)
(11832,172,5026,5037,5047)
(10593,174,5002,5007,5012,5017,5022,5026,5037)
(11159,175,5016,5022,5027,5038)
(10869,176,5052,5042,5036,5030,5024,5023,5018,5012,5011)
(10489,177,5022,5027,5033,5034,5035,5036,5042,5052)
(10933,178,5031,5042,5052)
(10100,178,5018,5028,5039)
(12025,179,5011,5012,5018,5028,5039,5044)
(10101,179,5020,5030,5036,5042,5052)
(10614,180,5039,5028,5018,5012,5011)
(10106,182,5011,5012,5018,5023,5024,5030,5036,5042,5052)
(11140,183,5010,5021,5031,5042,5046)
(10437,183,5008,5019,5024,5030,5036)
(12031,183,5010,5021,5031,5042,5046)
(10538,184,5018,5028,5039,5049)
(10568,185,5026,5016,5005)
(10051,186,5019,5024,5030,5036,5042)
(11874,187,5038,5027,5017,5012,5007,5002,5003)
(10482,187,5022,5027,5033,5039,5044,5045,5051)
(10057,189,5038,5027,5017,5012,5007,5002)
(11215,189,5018,5023,5024,5030,5036,5042)
(11211,191,5028,5039,5049)
(11318,192,5047,5037,5026)
(11636,195,5031,5042,5052)
(10045,196,5008,5019,5029,5040)
(11764,198,5047,5037,5026,5022,5017,5012,5007,5002)
(11224,199,5022,5027,5033,5034,5035,5036,5042,5052)
(10485,199,5031,5042,5052)
(10073,200,5027,5017,5006)
(11339,202,5011,5012,5018,5028,5039,5044,5045)
(11707,204,5011,5012,5018,5028,5039,5049)
(11911,206,5006,5012,5018,5023,5024,5030,5036)
(10436,207,5044,5039,5028,5018,5012)
(11184,207,5000,5006,5012,5018,5023,5024,5030,5036,5042,5052)
(11291,208,5008,5019,5029,5040)
(10009,209,5052,5042,5036,5030,5024,5023,5018,5012,5011)
(10668,211,5027,5038,5048)
(11825,212,5024,5030,5041,5051)
(10669,213,5021,5031,5042,5052)
(11939,214,5027,5017,5006,5000)
(11763,215,5045,5044,5039,5028,5018,5012,5011)
(10778,216,5030,5024,5019,5014,5009)
(11077,217,5022,5027,5033,5039,5049)
(10393,218,5049,5039,5033,5027,5022)
(10392,219,5019,5029,5040,5050)
(10521,220,5052,5042,5036,5030,5024,5023,5018,5012,5006,5000)
(11768,220,5044,5039,5028,5018,5012,5006)
(11069,221,5049,5039,5028,5023,5024,5025,5021,5010)
(11500,222,5021,5031,5042)
(11977,222,5020,5030,5036,5042)
(11865,223,5017,5027,5038,5048)
(10166,224,5054,5049,5039,5028,5023,5024,5025,5021)
(10623,227,5008,5019,5029)
(11123,228,5028,5039,5044,5045,5051)
(11600,230,5038,5027,5017,5012,5007,5002)
(11353,231,5051,5045,5044,5039,5028,5018,5007)
(10420,232,5019,5023,5028,5039,5049,5054)
(10642,233,5018,5028,5039)
(10537,235,5002,5007,5018,5028,5039,5049)
(10308,236,5009,5020,5030,5036)
(10122,236,5038,5027,5017,5012,5007,5002,5003,5004)
(11733,238,5027,5033,5039,5049)
(11662,239,5006,5012,5018,5028,5039,5044,5045,5051)
(11028,241,5029,5023,5018,5012,5006)
(11724,241,5021,5031,5042)
(11873,243,5029,5023,5018,5007)
(11575,243,5021,5025,5024,5023,5028,5039,5049,5054,5053)
(10534,243,5011,5012,5018,5028,5039,5044)
(11433,244,5040,5029,5024,5025,5021,5010)
(11685,244,5052,5042,5036,5030,5024,5023,5018)
(10547,244,5000,5006,5012,5018,5023,5024,5030)
(10526,245,5021,5031,5042,5046,5051)
(11448,246,5027,5017,5006,5000)
(11341,247,5027,5033,5039,5044,5050)
(10840,248,5010,5021,5031,5042,5052)
(11553,249,5039,5028,5018,5007,5002,5003)
(10551,250,5046,5042,5031,5021,5015)
(11468,250,5019,5023,5028,5039,5049)
(12034,251,5038,5027,5022,5016)
(10361,252,5012,5018,5023,5024,5030,5036,5042,5052)
(10433,253,5002,5007,5012,5017,5027,5038)
(11172,254,5024,5030,5036,5042,5052)
(10372,254,5027,5017,5006)
(11543,254,5037,5026,5022,5017,5012,5007,5002,5003,5004)
(10430,255,5049,5039,5033,5027)
(11822,255,5027,5033,5039,5044,5050)
(11515,256,5021,5031,5042,5046,5051)
(10732,257,5018,5028,5039,5044,5045,5051)
(11957,258,5021,5025,5024,5023,5028,5039,5049)
(11372,258,5030,5036,5042,5052)
(11606,259,5007,5018,5023,5024,5030,5036,5042,5052)
(10613,260,5050,5040,5029,5019,5014)
(10663,262,5028,5018,5012,5006)
(11802,262,5031,5042,5052)
(11475,264,5019,5023,5028,5039,5049)
(10721,265,5037,5026,5022,5017,5012,5007,5002)
(10701,267,5027,5017,5006)
(10813,268,5053,5047,5037,5026)
(10763,271,5007,5012,5017,5022,5026,5037,5047)
(11317,272,5030,5024,5019,5008)
(10879,272,5036,5030,5024,5023,5018,5012,5006)
(10595,272,5030,5024,5023,5018,5007)
(10643,272,5038,5027,5017,5012,5007,5002,5003,5004)
(10592,273,5002,5007,5018,5028,5039,5049)
(11943,273,5020,5030,5041,5051)
(10351,275,5019,5024,5030,5036,5042)
(11811,276,5006,5012,5018,5028)
(10578,276,5037,5026,5022,5017,5006)
(11586,276,5027,5017,5006,5000)
(10462,277,5026,5037,5047,5053)
(11287,278,5031,5042,5052)
(10466,278,5040,5029,5019)
(10472,280,5050,5044,5039,5028,5018)
(11750,281,5017,5027,5038)
(11956,282,5042,5036,5030,5024,5023,5018)
(10567,284,5000,5006,5012,5018,5023,5024,5030,5036)
(10673,286,5052,5042,5036,5030,5024,5023,5018,5012,5006,5000)
(11300,286,5049,5039,5028,5023,5024,5025,5021)
(11384,287,5010,5021,5031,5042)
(12018,287,5004,5009,5020,5024,5029,5040)
(10161,289,5024,5030,5036,5042,5052)
(11927,290,5027,5033,5034,5035,5036,5042,5052)
(11866,290,5012,5018,5023,5024,5030,5036,5042)
(11054,292,5021,5031,5042)
(11045,293,5009,5020,5024,5029,5040)
(10191,295,5007,5012,5017,5027,5038,5048)
(11862,295,5021,5025,5024,5029,5040,5050)
(11392,298,5039,5028,5018,5007,5002,5003)
(10967,302,5002,5007,5018,5028,5039,5049)
(11721,302,5039,5028,5018,5007,5002,5003)
(10025,303,5050,5040,5029,5024,5025,5021,5010)
(10024,304,5042,5036,5030,5024,5023,5018)
(10941,305,5018,5028,5039,5044)
(11490,306,5031,5042,5052)
(10937,306,5004,5003,5002,5007,5012,5017,5027,5038)
(11147,307,5049,5039,5028)
(11200,308,5028,5039,5044,5045,5051)
(11834,310,5022,5027,5033,5034,5035,5036,5042,5052)
(10068,311,5045,5044,5039,5028,5018,5012,5011)
(11204,311,5028,5039,5044,5045,5051)
(10077,313,5048,5038,5027,5017,5006)
(11185,313,5020,5024,5023,5028,5039,5049)
(10054,314,5047,5037,5026,5022,5017)
(11735,315,5041,5030,5024,5019,5008)
(11378,316,5038,5027,5017,5012,5007,5002,5003,5004)
(11253,318,5026,5016,5005)
(11712,320,5026,5037,5047,5053)
(11118,321,5021,5031,5042,5046,5051)
(11849,323,5047,5037,5026,5022,5017,5012,5013)
(10131,324,5052,5042,5036,5030,5024,5023,5018,5012)
(11105,324,5027,5017,5006)
(11809,324,5027,5017,5006)
(10133,325,5008,5019,5024,5030,5036)
(11313,327,5018,5023,5024,5030,5036,5042)
(11299,327,5031,5042,5052)
(10254,330,5021,5031,5042,5052)
(11544,331,5029,5023,5018,5007)
(11226,331,5040,5029,5019)
(10260,331,5049,5039,5033,5027,5022)
(10003,332,5000,5006,5012,5018,5028,5039,5044)
(10993,333,5031,5042,5052)
(10909,333,5010,5021,5031,5042,5046)
(10417,334,5030,5036,5042,5052)
(10915,334,5026,5037,5047,5053)
(10990,335,5031,5042,5052)
(10248,337,5017,5027,5038,5048)
(10889,339,5004,5003,5002,5007,5012,5017,5027,5038)
(10423,339,5006,5012,5018,5028,5039,5049)
(11748,341,5027,5017,5006)
(10899,341,5037,5026,5022,5017,5012,5007,5002)
(10645,343,5051,5041,5030,5024,5019)
(11805,346,5038,5027,5017,5012,5007,5002,5003,5004)
(11598,349,5021,5025,5024,5023,5028,5039,5049,5054,5053)
(11095,350,5047,5037,5026,5016)
(11354,350,5011,5012,5018,5028,5039,5049)
(10473,352,5052,5042,5036,5030)
(11693,352,5003,5002,5007,5012,5017,5022,5026,5037,5047)
(11597,353,5027,5017,5006)
(10630,354,5007,5018,5023,5029)
(10119,355,5047,5037,5026,5022,5017,5012,5007,5002,5003)
(10268,356,5000,5006,5012,5018,5023,5024,5030,5036)
(10044,360,5003,5002,5007,5012,5017,5022,5026,5037,5047)
(11421,361,5018,5028,5039,5049)
(11290,361,5010,5021,5031,5042,5046,5051)
(10885,362,5042,5036,5030,5024,5023,5018,5007)
(10571,364,5006,5017,5027)
(11686,365,5012,5018,5028,5039,5044,5045)
(11090,365,5031,5042,5052)
(10145,368,5039,5028,5018,5012,5006)
(11083,369,5021,5025,5024,5023,5028,5039,5049,5054,5053)
(10880,371,5040,5029,5024,5025,5021,5010)
(11443,373,5029,5019,5008)
(10078,374,5042,5031,5021,5015,5009)
(10848,375,5031,5042,5052)
(10631,375,5052,5042,5031,5021)
(11428,376,5047,5037,5026,5022,5017,5012,5007,5002)
(10842,376,5031,5042,5052)
(10084,376,5050,5044,5039,5028,5018,5007)
(11426,378,5008,5019,5024,5030,5041)
(10452,382,5018,5023,5024,5030,5036,5042,5052)
(11642,383,5051,5045,5044,5039,5028,5018,5007)
(10294,383,5049,5039,5028,5018)
(11540,384,5019,5029,5040,5050)
(11787,384,5050,5044,5039,5028)
(11191,386,5012,5018,5028,5039,5049)
(10580,386,5009,5020,5030,5036,5042)
(11646,387,5045,5044,5039,5028,5018,5012,5006)
(11604,387,5038,5027,5017,5012,5007)
(11605,387,5009,5020,5024,5023,5028,5039)
(11166,388,5045,5044,5039,5028,5018,5007)
(10862,391,5028,5039,5044,5045,5051)
(11942,393,5028,5039,5044,5045,5051)
(10474,393,5029,5040,5050)
(11990,394,5006,5012,5018,5028,5039,5044,5045)
(11929,395,5024,5030,5036,5042,5052)
(11154,395,5000,5006,5012,5018,5028)
(10856,395,5005,5016,5026,5037,5047,5053)
(11576,395,5018,5028,5039,5044,5050)
(10109,396,5019,5024,5030,5036,5042)
(10116,400,5028,5018,5012,5006)
(11432,401,5037,5026,5016)
(11955,401,5012,5018,5028,5039)
(10367,404,5000,5006,5012,5018,5023,5024,5030)
(11292,405,5021,5025,5024,5023,5028,5039,5049,5054)
(10364,406,5007,5012,5017,5022,5026,5037,5047)
(11694,407,5030,5024,5023,5018,5012,5006,5000)
(11199,407,5006,5012,5018,5028,5039,5049)
(11879,408,5028,5018,5007)
(10757,409,5007,5018,5028,5039,5044,5045)
(10359,409,5051,5045,5044,5039,5033,5027)
(10245,410,5030,5041,5051)
(11452,412,5048,5038,5027,5017,5012,5007)
(11532,413,5007,5018,5023,5024,5030,5036,5042,5052)
(11254,413,5027,5017,5006,5000)
(10326,414,5049,5039,5033,5027,5022)
(11718,415,5045,5044,5039,5028,5018,5012,5011)
(11059,415,5029,5019,5008)
(10962,415,5004,5003,5002,5007,5012,5017,5027,5038,5048)
(10350,416,5050,5040,5029,5019)
(10548,418,5002,5007,5012,5017,5027,5038)
(11838,418,5045,5044,5039,5028,5018,5012)
(11344,418,5027,5033,5034,5035,5036,5042,5052)
(10016,419,5048,5038,5027,5017)
(10018,420,5021,5031,5042)
(11400,420,5007,5012,5017,5027,5038)
(11417,422,5037,5026,5022,5017,5012,5007,5002)
(10343,423,5008,5019,5029)
(10780,424,5002,5007,5012,5017,5027,5038)
(10945,425,5008,5019,5024,5030,5041,5051)
(11665,425,5022,5027,5033,5034,5035,5036,5042,5052)
(10236,427,5048,5038,5027,5017)
(11458,428,5051,5041,5030,5024,5019)
(11089,429,5019,5029,5040,5050)
(10239,430,5049,5039,5028,5023,5024,5025,5021,5010)
(11629,432,5010,5021,5031,5042,5052)
(10530,433,5028,5039,5049)
(11770,434,5018,5028,5039,5049)
(10543,434,5049,5039,5028,5023,5024,5025,5021,5010)
(11969,434,5052,5042,5036,5030,5024,5023,5018,5012,5011)
(11420,436,5006,5012,5018,5023,5024,5030,5036,5042)
(11572,436,5046,5042,5031,5021,5015,5009)
(10633,437,5006,5012,5018,5028,5039,5044,5050)
(10261,438,5030,5041,5051)
(10682,439,5019,5029,5040)
(10830,439,5030,5024,5023,5018,5012,5006)
(10913,439,5045,5044,5039,5028,5018,5012,5006)
(11076,440,5047,5037,5026,5016,5005)
(11506,444,5016,5026,5037)
(10914,445,5027,5033,5034,5035,5036,5042,5052)
(10313,447,5022,5027,5033,5039,5049)
(10493,449,5007,5018,5028,5039,5049)
(10702,449,5028,5039,5044,5045,5051)
(10370,451,5045,5044,5039,5028,5018,5012)
(11877,452,5020,5030,5041)
(11999,453,5050,5044,5039,5033,5027)
(11047,453,5012,5018,5028,5039,5044,5045,5051)
(11032,454,5004,5009,5020,5024,5023,5028,5039,5049)
(11884,455,5052,5046,5045,5044,5039,5033,5027)
(10802,456,5052,5042,5036,5030)
(11502,459,5027,5038,5048)
(10819,459,5022,5027,5033,5039,5044,5045,5051)
(10544,461,5027,5017,5006)
(10557,463,5022,5027,5033,5034,5035,5036,5042,5052)
(10693,464,5052,5046,5045,5044,5039,5033,5027,5022)
(11248,464,5005,5016,5026,5037)
(11941,464,5019,5029,5040,5050)
(11906,467,5021,5025,5024,5023,5028,5039,5049)
(11250,468,5045,5044,5039,5028,5018,5012)
(10554,470,5050,5044,5039,5028,5018,5007)
(10575,471,5006,5017,5022,5026,5037,5047)
(11259,472,5045,5044,5039,5028,5018,5012,5006,5000)
(10599,473,5006,5012,5018,5023,5024,5030,5036,5042)
(11564,473,5019,5023,5028,5039,5049,5054)
(11876,473,5049,5039,5028,5018)
(11477,475,5020,5024,5029,5040,5050)
(10766,479,5008,5019,5029,5040,5050)
(11177,480,5044,5039,5028,5018,5007)
(11399,480,5050,5044,5039,5028,5018,5012,5006)
(10957,482,5011,5012,5018,5023,5024,5030,5036,5042)
(11277,483,5027,5033,5034,5035,5036,5042,5052)
(10776,483,5029,5023,5018,5012,5006)
(11883,484,5000,5006,5012,5018,5028,5039)
(11162,485,5006,5017,5027,5038)
(10930,486,5039,5028,5018,5007,5002,5003)
(11926,487,5042,5036,5030,5024,5023,5018,5012,5011)
(10921,487,5050,5044,5039,5028,5018,5012,5011)
(10531,489,5036,5030,5024,5023,5018,5012,5006,5000)
(10768,489,5006,5017,5027)
(10985,490,5009,5020,5024,5023,5028,5039)
(10932,490,5006,5017,5022,5026,5037)
(11252,490,5042,5031,5021,5010)
(11015,490,5018,5023,5024,5030,5036,5042,5052)
(10974,492,5027,5033,5039,5044,5045,5051)
(10344,492,5030,5024,5023,5018,5012,5006,5000)
(11449,492,5021,5031,5042)
(11732,494,5052,5042,5031,5021,5015)
(10829,494,5007,5018,5028,5039,5044,5045)
(10833,495,5019,5024,5030,5041,5051)
(10573,496,5004,5009,5020,5024,5029,5040)
(10793,499,5030,5024,5023,5018,5007)
(11182,499,5008,5019,5024,5030,5041)
(11577,504,5024,5030,5036,5042,5052)
(11808,505,5027,5017,5006,5000)
(11333,505,5011,5012,5018,5028,5039,5049)
(11094,507,5012,5018,5028,5039,5044)
(11892,510,5000,5006,5012,5018,5023,5024,5030,5036,5042,5052)
(11134,510,5007,5018,5023,5024,5030)
(10674,513,5024,5030,5036,5042,5052)
(11408,513,5052,5042,5036,5030,5024)
(11509,514,5003,5002,5007,5012,5017,5022,5026,5037,5047)
(10665,514,5031,5042,5052)
(10808,514,5029,5019,5008)
(11820,516,5007,5018,5028,5039,5044)
(10037,518,5010,5021,5031)
(10656,518,5009,5020,5030)
(11073,520,5030,5024,5019,5014,5009)
(10488,520,5021,5031,5042)
(10176,523,5036,5030,5024,5023,5018,5012,5006,5000)
(10049,525,5052,5042,5036,5030,5024,5023,5018,5012,5011)
(11082,526,5009,5020,5030,5041,5051)
(10071,526,5020,5030,5041)
(11727,527,5000,5006,5012,5018,5023,5024,5030,5036)
(11196,527,5036,5030,5024,5023,5018,5012,5006)
(10256,528,5047,5037,5026,5016,5005)
(10258,529,5028,5018,5012,5006,5000)
(11151,530,5042,5036,5030,5024,5023,5018,5012,5006,5000)
(11272,530,5030,5024,5023,5018,5012,5006)
(10287,530,5023,5024,5030,5036,5042,5052)
(10083,533,5021,5025,5024,5023,5028,5039,5049,5054,5053)
(10460,534,5044,5039,5028,5018,5012,5006,5000)
(12019,537,5026,5037,5047)
(10199,538,5027,5033,5039,5049)
(10113,538,5038,5027,5017,5012,5007)
(11063,539,5006,5012,5018,5028,5039,5044)
(10381,540,5009,5020,5024,5023,5028,5039)
(10198,541,5022,5027,5033,5039,5049)
(11080,541,5036,5030,5024,5023,5018,5012,5006,5000)
(11516,542,5042,5036,5030,5024,5023,5018,5007)
(10124,543,5042,5036,5030,5024,5019,5008)
(11394,543,5030,5041,5051)
(10144,545,5036,5030,5024,5023,5018,5012,5006)
(10226,545,5051,5041,5030,5024,5019,5008)
(10319,547,5016,5026,5037)
(10512,548,5042,5036,5030,5024,5023,5018,5012,5006)
(10219,549,5039,5028,5018,5007,5002)
(10306,549,5012,5018,5028,5039,5049)
(10496,550,5009,5020,5024,5023,5028,5039,5049)
(10111,552,5022,5027,5033,5039,5049)
(10330,552,5016,5022,5027,5038)
(11868,552,5026,5016,5005)
(10302,554,5027,5033,5034,5035,5036,5042,5052)
(11864,554,5019,5024,5030,5036,5042)
(11632,556,5024,5030,5041,5051)
(11584,557,5027,5033,5039,5044,5045,5051)
(11692,559,5042,5036,5030,5024,5023,5018)
(11863,561,5007,5018,5028,5039)
(10817,561,5030,5024,5019,5008)
(11649,562,5031,5042,5052)
(11565,563,5018,5028,5039,5044,5045)
(10234,563,5021,5031,5042)
(10240,564,5031,5042,5052)
(10641,565,5002,5007,5012,5017,5027,5038,5048)
(11220,566,5039,5028,5018,5012,5006,5000)
(10837,567,5030,5024,5023,5018,5012,5006,5000)
(11812,568,5028,5018,5012,5006)
(11681,571,5018,5023,5024,5030,5036,5042,5052)
(11097,571,5037,5026,5022,5017,5012,5007,5002)
(11886,573,5040,5029,5024,5025,5021,5010)
(10059,573,5018,5023,5024,5030,5036,5042)
(10284,573,5019,5029,5040,5050)
(11481,573,5006,5012,5018,5028,5039,5049)
(10904,574,5038,5027,5017,5006)
(11020,574,5029,5023,5018,5012,5006)
(11583,574,5042,5031,5021,5010)
(10942,575,5030,5041,5051)
(10647,576,5019,5024,5030,5041,5051)
(10947,576,5026,5037,5047)
(10008,577,5009,5020,5030)
(10821,578,5006,5012,5018,5023,5024,5030)
(10401,579,5018,5023,5024,5030,5036,5042,5052)
(11189,581,5011,5012,5018,5023,5024,5030,5036,5042)
(11103,583,5049,5039,5033,5027)
(11888,583,5021,5025,5024,5023,5028,5039,5049,5054)
(11653,584,5029,5040,5050)
(11499,587,5007,5018,5023,5024,5030,5036,5042,5052)
(11055,589,5037,5026,5022,5017,5012,5007,5002,5003)
(10675,589,5028,5018,5007)
(10405,590,5026,5016,5005)
(10859,591,5051,5045,5044,5039,5033,5027)
(11130,592,5012,5017,5022,5026,5037,5047)
(10327,594,5030,5024,5023,5018,5012,5006)
(10952,595,5009,5020,5030,5036)
(10399,595,5027,5033,5039,5044,5045,5051)
(10854,595,5021,5031,5042,5046,5051)
(11839,595,5016,5022,5027,5038)
(11157,596,5050,5044,5039,5028,5018)
(11915,600,5012,5018,5023,5024,5030,5036,5042,5052)
(11607,601,5052,5042,5031,5021,5010)
(11847,602,5044,5039,5028,5018,5012,5006)
(10845,603,5054,5049,5039,5028,5023,5024,5025,5021)
(11624,605,5020,5030,5041)
(10843,607,5019,5024,5030,5041,5051)
(11759,608,5031,5042,5052)
(11608,610,5038,5027,5017,5012,5007)
(11526,610,5019,5024,5030,5041)
(11152,612,5028,5018,5012,5006,5000)
(11132,615,5009,5020,5030,5036,5042)
(11484,615,5050,5044,5039,5028,5018)
(10312,615,5009,5020,5024,5023,5028,5039)
(11860,616,5019,5024,5030,5036,5042,5052)
(11493,617,5047,5037,5026,5022,5017,5012,5007,5002,5003,5004)
(11410,618,5042,5031,5021,5015,5009)
(11492,619,5000,5006,5012,5018,5023,5024,5030,5036)
(10281,619,5009,5020,5030,5036,5042)
(11737,620,5050,5044,5039,5028,5018,5012,5006)
(11342,620,5038,5027,5017)
(11978,621,5050,5040,5029,5019)
(10883,621,5000,5006,5017,5027)
(11588,623,5006,5017,5022,5026,5037)
(10382,624,5027,5033,5039,5049)
(10711,625,5051,5041,5030,5024)
(11343,625,5051,5045,5044,5039,5033,5027,5022)
(10892,627,5009,5020,5030,5036)
(10875,627,5029,5040,5050)
(11545,628,5024,5030,5036,5042,5052)
(11125,628,5007,5018,5028,5039,5044,5045)
(10369,628,5028,5039,5044,5045,5051)
(10298,629,5030,5036,5042,5052)
(10288,630,5041,5030,5024,5019,5008)
(11755,635,5000,5006,5017,5027,5038)
(10760,635,5007,5018,5023,5024,5030,5036)
(11467,635,5031,5042,5052)
(10165,637,5037,5026,5022,5017,5012,5007,5002,5003)
(10500,637,5006,5017,5027,5038)
(10178,638,5012,5018,5028,5039,5044)
(11966,639,5028,5018,5012,5006,5000)
(10179,640,5049,5039,5028,5018,5012)
(10935,641,5030,5024,5023,5018,5012,5006)
(11039,643,5046,5042,5031,5021,5015)
(11835,643,5021,5025,5024,5029,5040,5050)
(11923,644,5045,5044,5039,5028,5018,5012)
(10200,644,5006,5012,5018,5028,5039,5044,5045)
(11920,646,5000,5006,5012,5018,5028,5039,5044)
(10764,646,5009,5020,5030,5036,5042)
(11641,648,5036,5030,5024,5023,5018,5007)
(10454,648,5039,5028,5023,5024,5025,5021,5010)
(11547,650,5020,5024,5023,5028,5039,5049,5054,5053)
(10502,650,5021,5031,5042)
(10604,651,5021,5025,5024,5023,5028,5039,5049,5054)
(10214,652,5030,5024,5023,5018,5012,5006,5000)
(11011,654,5028,5018,5012,5006,5000)
(10527,657,5051,5046,5042,5031,5021,5010)
(10186,657,5052,5042,5036,5030,5024,5023,5018)
(11051,659,5045,5044,5039,5028,5018,5012,5006)
(10015,661,5003,5002,5007,5012,5017,5027,5038)
(10006,663,5027,5033,5039,5049)
(11996,664,5028,5018,5007)
(11033,664,5011,5012,5018,5028,5039,5044,5045)
(11965,664,5020,5024,5023,5028,5039,5049)
(11405,666,5047,5037,5026,5022,5017,5012,5007)
(11347,667,5044,5039,5028,5018,5012,5011)
(11964,667,5051,5041,5030)
(11068,668,5052,5046,5045,5044,5039,5033,5027)
(10484,668,5021,5025,5024,5023,5028,5039,5049,5054)
(12041,669,5019,5023,5028,5039,5049)
(10628,670,5019,5024,5030,5036,5042)
(10194,671,5017,5027,5038)
(10223,672,5020,5030,5036,5042)
(10041,674,5021,5031,5042,5052)
(11723,674,5008,5019,5024,5030)
(11030,675,5049,5039,5028,5018,5012,5011)
(11893,677,5028,5018,5012,5006)
(10838,679,5030,5024,5023,5018,5012,5006,5000)
(11643,679,5047,5037,5026)
(11902,680,5037,5026,5022,5017,5012,5007)
(10378,680,5024,5030,5041,5051)
(10090,681,5011,5012,5018,5023,5024,5030,5036,5042,5052)
(11205,682,5029,5019,5008)
(10012,682,5005,5016,5026,5037)
(11479,682,5036,5030,5024,5019,5008)
(10796,683,5037,5026,5022,5017,5006)
(11914,683,5050,5040,5029,5024,5025,5021)
(11136,683,5037,5026,5016,5005)
(11913,684,5045,5044,5039,5028,5018,5012,5006)
(11713,684,5030,5041,5051)
(10635,685,5009,5020,5030,5036,5042,5052)
(11070,685,5052,5042,5036,5030,5024,5023)
(12016,686,5011,5012,5018,5028,5039,5049)
(11415,686,5039,5028,5018,5012,5006)
(11382,690,5047,5037,5026,5022,5017,5012,5007,5002)
(11465,690,5028,5018,5012,5006,5000)
(11869,691,5000,5006,5012,5018,5028,5039)
(10467,692,5027,5017,5006,5000)
(11010,693,5031,5021,5015,5009)
(11041,694,5040,5029,5019,5008)
(10515,696,5027,5038,5048)
(10850,699,5037,5026,5022,5017,5012,5007)
(11697,700,5026,5037,5047)
(10346,701,5007,5018,5023,5024,5030,5036,5042)
(11897,701,5037,5026,5022,5017,5012,5007)
(12023,702,5026,5016,5005)
(11488,702,5037,5026,5016,5005)
(11241,702,5054,5049,5039,5028,5023,5019,5014)
(10773,703,5021,5025,5024,5023,5028,5039,5049,5054)
(10771,704,5030,5024,5023,5018,5007)
(10834,705,5044,5039,5028,5018,5012)
(11255,705,5026,5016,5005)
(11261,706,5027,5033,5039,5049)
(11699,706,5021,5025,5024,5023,5028,5039,5049,5054,5053)
(11700,706,5002,5007,5012,5017,5027,5038,5048)
(10742,707,5045,5044,5039,5028,5018)
(11899,708,5039,5028,5018,5012,5006,5000)
(11175,709,5038,5027,5017,5012,5007,5002)
(11746,709,5036,5030,5024,5019,5008)
(11619,709,5002,5007,5018,5028,5039,5049)
(11332,710,5044,5039,5028,5018,5012,5011)
(11645,711,5030,5041,5051)
(11361,711,5047,5037,5026,5016,5005)
(10756,712,5042,5036,5030,5024,5023,5018,5012,5006)
(10791,713,5023,5024,5030,5036,5042,5052)
(11616,717,5029,5023,5018,5007)
(10747,718,5047,5037,5026,5022,5017,5012)
(10149,719,5051,5045,5044,5039,5033,5027)
(10659,720,5008,5019,5024,5030,5041)
(11462,720,5038,5027,5017,5012,5007,5002,5003,5004)
(10681,721,5047,5037,5026,5022,5017,5012)
(11510,724,5031,5021,5015,5009)
(11446,725,5045,5044,5039,5028,5018,5012)
(11435,725,5042,5031,5021,5015)
(10129,726,5008,5019,5029)
(10973,728,5037,5026,5016)
(11951,728,5052,5042,5036,5030,5024,5023,5018,5007)
(11092,730,5026,5016,5005)
(11305,731,5030,5024,5019,5014,5009)
(11789,731,5039,5028,5018,5007)
(11819,733,5000,5006,5012,5018,5023,5024,5030)
(10629,734,5037,5026,5022,5017,5006)
(10215,734,5019,5024,5030,5041,5051)
(11260,735,5007,5018,5028,5039)
(10408,735,5052,5042,5036,5030,5024,5023,5018)
(10615,736,5027,5017,5006)
(10510,736,5006,5012,5018,5023,5024,5030)
(10432,738,5006,5012,5018,5028,5039,5044,5045)
(11101,739,5018,5028,5039,5049)
(11294,739,5030,5041,5051)
(11938,740,5036,5030,5024,5019,5008)
(11537,741,5038,5027,5017,5006)
(11517,742,5007,5012,5017,5022,5026,5037)
(11249,743,5030,5024,5023,5018,5012,5006)
(10650,743,5037,5026,5022,5017,5006)
(12028,743,5019,5023,5028,5039,5049)
(10652,743,5019,5024,5030,5036,5042)
(10060,745,5028,5018,5012,5006,5000)
(11388,745,5027,5038,5048)
(11518,746,5012,5018,5028,5039,5044,5045,5051)
(11214,747,5027,5033,5039,5049)
(11280,747,5030,5024,5023,5018,5007)
(10317,748,5037,5026,5022,5017,5012,5007,5002,5003,5004)
(10225,750,5028,5039,5044,5050)
(11316,751,5009,5020,5030,5041,5051)
(10683,751,5011,5012,5018,5028,5039,5044,5045,5051)
(10280,752,5029,5023,5018,5007)
(10043,753,5042,5031,5021)
(11881,754,5006,5012,5018,5028,5039,5044,5045,5051)
(10304,755,5030,5041,5051)
(11535,757,5049,5039,5028)
(11794,758,5039,5028,5018,5012,5011)
(10201,759,5021,5025,5024,5023,5028,5039,5049,5054,5053)
(10600,760,5029,5019,5008)
(10528,761,5037,5026,5022,5017,5012,5007)
(10257,762,5047,5037,5026,5022,5017,5012,5007)
(11574,763,5029,5023,5018,5012,5006,5000)
(10445,763,5017,5027,5038,5048)
(10387,764,5006,5012,5018,5023,5024,5030,5036)
(10211,766,5004,5009,5020,5024,5023,5028,5039,5049)
(10917,767,5027,5038,5048)
(11687,768,5022,5027,5033,5034,5035,5036,5042,5052)
(10807,769,5021,5025,5024,5023,5028,5039,5049)
(11850,769,5031,5042,5052)
(12009,770,5050,5044,5039,5028,5018,5012,5006)
(10926,772,5029,5023,5018,5012,5006,5000)
(11236,774,5029,5023,5018,5012,5006,5000)
(12020,774,5003,5002,5007,5012,5017,5027,5038)
(11194,775,5050,5040,5029,5024,5025,5021)
(11296,778,5044,5039,5028,5018,5012,5011)
(10839,778,5022,5027,5033,5039,5049)
(10160,778,5040,5029,5024,5025,5021,5010)
(10301,779,5031,5042,5052)
(10104,780,5038,5027,5017,5012,5007,5002,5003)
(11289,780,5037,5026,5016,5005)
(11989,782,5047,5037,5026,5022,5017,5012)
(10307,782,5012,5018,5028,5039)
(11824,784,5047,5037,5026,5016,5005)
(10163,785,5044,5039,5028,5018,5007)
(11679,786,5010,5021,5031,5042,5052)
(10975,786,5036,5030,5024,5019,5008)
(11562,786,5031,5042,5052)
(10135,787,5007,5012,5017,5022,5026,5037)
(10252,789,5044,5039,5028,5018,5007)
(11093,790,5009,5020,5024,5029,5040)
(10924,791,5028,5018,5012,5006,5000)
(10929,792,5041,5030,5024,5019,5008)
(10844,793,5030,5024,5023,5018,5012,5006,5000)
(11109,793,5007,5018,5023,5024,5030)
(11793,794,5017,5022,5026,5037,5047)
(10259,795,5020,5024,5023,5028,5039,5049)
(11520,796,5031,5042,5052)
(10237,797,5029,5040,5050)
(11651,798,5045,5044,5039,5028,5018,5012,5011)
(12029,800,5006,5012,5018,5028,5039,5044,5050)
(10216,800,5007,5018,5028,5039)
(11430,800,5031,5042,5052)
(10188,804,5005,5016,5026,5037,5047,5053)
(11100,804,5027,5033,5039,5049)
(11842,805,5052,5042,5036,5030,5024,5023,5018,5007)
(10295,806,5051,5045,5044,5039,5028,5018,5012,5006,5000)
(10114,807,5042,5036,5030,5024,5023,5018,5012)
(10152,809,5052,5042,5031,5021,5015)
(10291,810,5000,5006,5012,5018,5028,5039,5049)
(11406,810,5022,5027,5033,5039,5044,5045,5051)
(10870,811,5041,5030,5024,5019,5008)
(10873,812,5036,5030,5024,5023,5018,5012,5006)
(10148,814,5039,5028,5018)
(11124,816,5028,5018,5012,5006)
(11859,817,5012,5018,5028,5039,5044,5045)
(11670,818,5049,5039,5028)
(11099,819,5024,5030,5036,5042,5052)
(11084,819,5012,5018,5028,5039,5049)
(11390,822,5018,5028,5039,5044,5045,5051)
(10434,823,5020,5030,5036,5042)
(10637,824,5028,5039,5049)
(10943,824,5042,5036,5030,5024,5019)
(11973,826,5048,5038,5027,5017,5012)
(11991,827,5026,5016,5005)
(10649,828,5000,5006,5012,5018,5023,5024,5030,5036,5042,5052)
(11821,829,5042,5036,5030,5024,5023,5018,5012,5011)
(11602,829,5048,5038,5027,5017,5012,5007,5002)
(11870,829,5029,5023,5018,5007)
(10062,830,5027,5033,5039,5049)
(11203,831,5007,5018,5028)
(10407,832,5030,5024,5019,5008)
(10404,833,5021,5025,5024,5023,5028,5039,5049,5054)
(11321,834,5041,5030,5024,5019,5008)
(10400,835,5036,5030,5024,5023,5018,5012,5006)
(10618,836,5045,5044,5039,5028,5018,5012,5006,5000)
(10688,837,5031,5021,5010)
(10422,838,5038,5027,5022,5016)
(10703,840,5027,5033,5039,5044,5050)
(10386,840,5042,5031,5021,5015)
(10704,840,5024,5030,5036,5042,5052)
(11791,841,5042,5036,5030,5024,5023,5018,5007)
(11669,842,5009,5020,5030,5036)
(10706,842,5037,5026,5022,5017,5012,5007,5002,5003,5004)
(10080,843,5008,5019,5024,5030)
(10718,846,5029,5023,5018,5012,5006)
(10720,847,5010,5021,5031,5042,5046,5051)
(10085,848,5031,5021,5010)
(11181,849,5011,5012,5018,5028,5039)
(11440,849,5031,5042,5052)
(10727,849,5028,5018,5007)
(10031,852,5011,5012,5018,5028,5039,5044,5050)
(10524,853,5024,5030,5036,5042,5052)
(10508,854,5028,5018,5012,5006,5000)
(10546,857,5019,5023,5028,5039,5049,5054,5053)
(12003,857,5024,5030,5041,5051)
(11120,858,5019,5024,5030,5036,5042,5052)
(10555,859,5027,5033,5039,5044,5050)
(10481,860,5050,5044,5039,5028,5018,5012,5006,5000)
(11959,860,5024,5030,5041,5051)
(10559,861,5050,5044,5039,5033,5027,5022)
(10564,862,5027,5038,5048)
(10475,863,5051,5041,5030,5024,5019,5008)
(10039,865,5045,5044,5039,5028,5018)
(11438,866,5036,5030,5024,5023,5018,5007)
(11826,866,5021,5031,5042)
(10315,866,5011,5012,5018,5028,5039,5049)
(10457,867,5000,5006,5012,5018,5028,5039,5044,5045)
(10587,870,5017,5022,5026,5037,5047)
(11056,870,5026,5016,5005)
(10601,874,5026,5016,5005)
(10602,875,5040,5029,5024,5025,5021,5010)
(11312,875,5011,5012,5018,5028,5039,5049)
(10598,875,5011,5012,5018,5028,5039,5044,5045)
(10607,876,5037,5026,5022,5017,5012,5007,5002)
(10611,877,5024,5030,5036,5042,5052)
(10442,879,5011,5012,5018,5023,5024,5030,5036,5042)
(10617,880,5022,5027,5033,5034,5035,5036,5042,5052)
(11947,881,5021,5025,5024,5023,5028,5039,5049,5054)
(10752,881,5008,5019,5024,5030,5036)
(10754,883,5029,5023,5018,5012,5006,5000)
(11148,886,5018,5028,5039,5049)
(10570,887,5052,5042,5036,5030,5024,5023)
(10335,890,5049,5039,5028,5018,5012)
(10792,891,5003,5002,5007,5012,5017,5022,5026,5037)
(11145,894,5018,5028,5039,5049)
(12005,894,5030,5041,5051)
(11917,895,5046,5042,5031,5021,5015,5009)
(10095,896,5027,5038,5048)
(11034,897,5026,5016,5005)
(11962,897,5052,5042,5031,5021,5015,5009)
(10786,898,5002,5007,5012,5017,5022,5026,5037)
(10341,899,5040,5029,5019)
(10331,900,5027,5033,5039,5044,5050)
(10320,901,5024,5030,5041,5051)
(10345,902,5044,5039,5028,5018)
(10745,904,5040,5029,5019,5014,5009)
(10023,905,5051,5046,5042,5031,5021)
(10102,906,5052,5042,5036,5030,5024,5023,5018,5012,5006,5000)
(11591,907,5037,5026,5022,5017,5012,5007)
(11536,907,5042,5031,5021,5015,5009)
(11389,908,5047,5037,5026,5022,5017,5006)
(11001,909,5016,5026,5037,5047)
(10103,910,5053,5047,5037,5026,5016,5005)
(11698,911,5040,5029,5019)
(10814,912,5052,5042,5036,5030)
(10447,912,5039,5028,5018,5012,5011)
(10461,913,5040,5029,5024,5025,5021,5010)
(11107,914,5030,5036,5042,5052)
(11640,914,5029,5019,5008)
(11726,915,5026,5037,5047)
(11146,915,5022,5027,5033,5034,5035,5036,5042,5052)
(12030,915,5007,5018,5023,5024,5030,5036,5042,5052)
(10193,916,5029,5023,5018,5012,5006)
(11751,918,5040,5029,5019,5014,5009)
(11144,921,5031,5042,5052)
(11149,921,5048,5038,5027)
(10605,921,5028,5018,5007)
(11666,922,5039,5028,5018,5012)
(10811,923,5031,5042,5052)
(11323,924,5030,5024,5019,5008)
(10984,925,5048,5038,5027,5017,5012,5007)
(11627,926,5042,5031,5021,5015,5009)
(10847,927,5000,5006,5012,5018,5028,5039,5044,5050)
(11840,929,5028,5018,5012,5006)
(11529,930,5022,5027,5033,5034,5035,5036,5042,5052)
(11533,930,5022,5027,5033,5034,5035,5036,5042,5052)
(11903,931,5020,5030,5036,5042,5052)
(11281,933,5022,5027,5033,5039,5044,5045,5051)
(10541,933,5049,5039,5028,5018,5012,5006,5000)
(12022,933,5011,5012,5018,5023,5024,5030,5036,5042)
(10881,936,5007,5018,5028)
(10035,937,5000,5006,5012,5018,5028)
(11908,940,5031,5042,5052)
(10506,940,5020,5030,5041,5051)
(11566,941,5027,5017,5006)
(11037,944,5000,5006,5012,5018,5028,5039,5044,5050)
(11050,945,5048,5038,5027)
(10030,949,5006,5012,5018,5028,5039,5044,5050)
(11266,950,5050,5044,5039,5033,5027,5022)
(10159,950,5042,5031,5021)
(11631,951,5036,5030,5024,5023,5018,5012,5006)
(10569,954,5019,5023,5028,5039,5049)
(11463,954,5036,5030,5024,5019,5008)
(10164,956,5038,5027,5017,5012,5007,5002,5003,5004)
(11778,957,5019,5023,5028,5039,5049,5054,5053)
(10150,959,5010,5021,5031,5042)
(11022,961,5008,5019,5024,5030,5036)
(11831,961,5006,5012,5018,5023,5029)
(10000,962,5006,5017,5022,5026,5037,5047)
(11829,963,5016,5026,5037,5047,5053)
(11375,963,5004,5009,5020,5024,5023,5028,5039,5049)
(11161,964,5024,5030,5036,5042,5052)
(11771,964,5028,5018,5012,5006,5000)
(10558,965,5042,5036,5030,5024,5019)
(11237,966,5007,5012,5017,5022,5026,5037)
(10828,967,5010,5021,5031,5042,5046)
(11599,969,5030,5041,5051)
(11239,970,5038,5027,5022,5016)
(10251,970,5028,5018,5007)
(11677,973,5042,5031,5021)
(11447,973,5010,5021,5031,5042)
(10290,974,5042,5031,5021)
(11370,974,5042,5036,5030,5024,5023,5018,5012,5006,5000)
(10696,975,5051,5046,5042,5031,5021,5015)
(11422,976,5021,5031,5042,5052)
(10007,980,5041,5030,5024,5019,5008)
(11772,980,5006,5012,5018,5028,5039,5044,5045,5051)
(11648,983,5048,5038,5027,5017)
(10865,983,5051,5041,5030,5024)
(11240,983,5027,5033,5039,5044,5050)
(11609,983,5050,5040,5029,5019)
(11555,983,5031,5042,5052)
(10244,984,5026,5037,5047,5053)
(11505,985,5017,5027,5038)
(11867,986,5052,5046,5045,5044,5039,5033,5027)
(11617,986,5006,5012,5018,5028)
(11234,987,5052,5042,5036,5030,5024,5023,5018,5012,5011)
(10246,987,5006,5017,5027)
(10089,988,5053,5054,5049,5039,5028,5023,5024,5025,5021)
(11620,990,5040,5029,5019,5014,5009)
(10376,990,5039,5028,5018,5007,5002,5003)
(11848,991,5017,5022,5026,5037,5047)
(10735,994,5022,5027,5033,5039,5044,5045,5051)
(10726,994,5011,5012,5018,5028,5039,5049)
(10117,994,5006,5012,5018,5028,5039,5044,5045)
(10377,995,5000,5006,5017,5027)
(10123,998,5029,5023,5018,5012,5006,5000)
(10241,998,5038,5027,5017,5006,5000)
(11725,1000,5019,5024,5030,5036,5042,5052)
(10014,1000,5020,5030,5041)
(11000,1001,5006,5012,5018,5023,5024,5030,5036,5042)
(11309,1002,5031,5042,5052)
(10871,1002,5022,5027,5033,5034,5035,5036,5042,5052)
(10267,1004,5029,5023,5018,5012,5006,5000)
(10265,1005,5051,5041,5030,5024,5019)
(11986,1006,5004,5003,5002,5007,5012,5017,5027,5038,5048)
(10413,1010,5031,5042,5052)
(11992,1010,5007,5018,5023,5024,5030,5036,5042)
(11968,1011,5030,5024,5023,5018,5012,5006,5000)
(10958,1012,5045,5044,5039,5028,5018,5012,5006)
(10950,1013,5027,5017,5006)
(11981,1013,5022,5027,5033,5039,5049)
(12004,1013,5046,5042,5031,5021,5010)
(10769,1014,5039,5028,5018,5012,5006)
(11276,1016,5020,5030,5036,5042)
(11514,1017,5003,5002,5007,5012,5017,5022,5026,5037)
(10903,1017,5038,5027,5017,5012,5007)
(11601,1018,5027,5017,5006)
(11637,1018,5030,5024,5019,5008)
(11104,1018,5028,5039,5049)
(10636,1021,5027,5017,5006)
(11156,1021,5027,5017,5006)
(11322,1022,5031,5042,5052)
(10861,1022,5037,5026,5022,5017,5012,5007,5002)
(11592,1023,5026,5016,5005)
(10355,1025,5048,5038,5027,5017,5012,5007)
(11708,1028,5016,5022,5027,5038)
(11710,1028,5019,5023,5028,5039,5049,5054,5053)
(11066,1028,5006,5012,5018,5028)
(10427,1028,5012,5018,5028,5039,5044,5045,5051)
(11900,1031,5026,5037,5047)
(11691,1031,5011,5012,5018,5028,5039,5044)
(10120,1032,5050,5040,5029,5019,5014,5009)
(10936,1032,5024,5030,5041,5051)
(10218,1032,5031,5021,5010)
(10118,1033,5028,5039,5044,5045,5051)
(11096,1036,5030,5041,5051)
(10034,1039,5007,5012,5017,5022,5026,5037)
(11064,1041,5010,5021,5031,5042,5046)
(11603,1041,5038,5027,5017)
(10067,1044,5019,5029,5040,5050)
(10705,1045,5030,5024,5019,5014,5009)
(11231,1048,5040,5029,5019)
(11635,1048,5006,5012,5018,5028,5039,5044,5045,5051)
(12036,1048,5004,5009,5020,5024,5029,5040,5050)
(11085,1050,5046,5042,5031,5021,5015)
(10255,1051,5006,5012,5018,5023,5024,5030)
(10147,1051,5006,5012,5018,5028,5039,5044,5045,5051)
(10128,1051,5028,5039,5044,5050)
(11275,1051,5006,5012,5018,5023,5024,5030,5036,5042,5052)
(12012,1053,5006,5012,5018,5028,5039,5044,5050)
(11346,1053,5053,5047,5037,5026,5016,5005)
(10047,1054,5022,5027,5033,5039,5044,5050)
(11179,1055,5038,5027,5017,5012,5007,5002)
(11243,1056,5026,5037,5047,5053)
(10061,1057,5009,5020,5030)
(11352,1058,5024,5030,5036,5042,5052)
(11108,1058,5027,5038,5048)
(10050,1059,5051,5045,5044,5039,5028,5018,5012,5006)
(10081,1061,5027,5017,5006,5000)
(12038,1061,5007,5018,5023,5024,5030,5036,5042)
(10672,1062,5037,5026,5016,5005)
(11766,1062,5006,5012,5018,5028,5039,5044,5045,5051)
(10627,1065,5031,5042,5052)
(10750,1066,5027,5017,5006)
(10860,1067,5024,5030,5041,5051)
(10293,1068,5046,5042,5031,5021,5015,5009)
(10877,1069,5047,5037,5026,5022,5017,5012,5007,5002,5003)
(11524,1070,5045,5044,5039,5028,5018)
(10616,1071,5019,5023,5028,5039,5049,5054,5053)
(11773,1072,5007,5018,5028)
(10709,1072,5030,5024,5019,5014,5009)
(10444,1073,5008,5019,5029)
(10279,1075,5030,5024,5023,5018,5012,5006)
(11663,1075,5031,5042,5052)
(11997,1075,5049,5039,5028,5023,5024,5025,5021)
(11928,1076,5039,5028,5018,5012)
(11349,1078,5009,5020,5030,5036)
(11511,1078,5027,5017,5006)
(10584,1079,5049,5039,5028,5018,5012)
(10398,1080,5029,5023,5018,5007)
(10275,1084,5026,5016,5005)
(10685,1084,5039,5028,5018)
(10927,1085,5051,5041,5030)
(11480,1086,5007,5018,5023,5029)
(10349,1087,5045,5044,5039,5028,5018)
(10730,1090,5030,5036,5042,5052)
(10409,1090,5012,5018,5028,5039,5049)
(11466,1091,5048,5038,5027,5017,5012,5007,5002,5003)
(11141,1092,5029,5023,5018,5012,5006)
(10765,1093,5022,5027,5033,5039,5044,5045,5051)
(11982,1094,5027,5038,5048)
(10784,1094,5028,5018,5007)
(11790,1095,5037,5026,5022,5017,5012,5007,5002,5003)
(10340,1096,5044,5039,5028,5018,5007)
(11984,1096,5020,5024,5023,5028,5039,5049,5054,5053)
(10513,1098,5046,5042,5031,5021,5010)
(11459,1100,5047,5037,5026,5022,5017,5012,5013)
(10810,1101,5045,5044,5039,5028,5018,5012,5006,5000)
(10824,1103,5054,5049,5039,5028,5023,5019)
(11424,1103,5006,5012,5018,5028,5039,5049)
(10644,1104,5029,5019,5008)
(12010,1105,5030,5041,5051)
(10429,1107,5024,5030,5036,5042,5052)
(10900,1108,5052,5042,5036,5030,5024,5023,5018,5007)
(11445,1109,5051,5045,5044,5039,5028,5018)
(11522,1109,5047,5037,5026,5016,5005)
(10712,1110,5029,5040,5050)
(10717,1111,5021,5031,5042,5052)
(10777,1111,5052,5042,5036,5030,5024,5023,5018,5007)
(11940,1113,5045,5044,5039,5028,5018,5012,5006,5000)
(10995,1113,5026,5037,5047)
(10196,1114,5010,5021,5031,5042)
(11256,1115,5024,5030,5036,5042,5052)
(11749,1115,5011,5012,5018,5028,5039,5049)
(12015,1115,5030,5041,5051)
(10192,1116,5022,5027,5033,5034,5035,5036,5042,5052)
(11102,1117,5030,5036,5042,5052)
(11014,1117,5016,5026,5037,5047,5053)
(10550,1118,5029,5023,5018,5012,5006,5000)
(10187,1119,5028,5039,5044,5045,5051)
(11752,1121,5052,5046,5045,5044,5039,5033,5027,5022)
(11288,1122,5010,5021,5031)
(10934,1123,5040,5029,5024,5025,5021,5010)
(10708,1125,5007,5018,5028,5039,5044,5045,5051)
(10509,1126,5020,5024,5023,5028,5039,5049,5054)
(10545,1127,5009,5020,5030,5036,5042,5052)
(11067,1130,5006,5012,5018,5028,5039)
(11905,1130,5038,5027,5017,5006,5000)
(11274,1132,5052,5042,5036,5030,5024,5019)
(10213,1133,5000,5006,5012,5018,5028,5039,5044,5050)
(11369,1133,5050,5044,5039,5028,5018,5007)
(10463,1134,5004,5009,5020,5024,5023,5028,5039,5049)
(10459,1135,5010,5021,5031,5042,5046,5051)
(12014,1135,5020,5024,5023,5028,5039,5049)
(11614,1136,5009,5020,5024,5023,5028,5039,5049)
(10470,1138,5047,5037,5026,5022,5017,5012)
(10483,1139,5012,5018,5028,5039,5044)
(11320,1140,5026,5016,5005)
(10954,1140,5021,5025,5024,5023,5028,5039,5049,5054)
(11657,1144,5011,5012,5018,5028,5039,5044,5050)
(11038,1145,5038,5027,5017)
(10208,1146,5007,5018,5023,5024,5030)
(10203,1148,5042,5031,5021,5010)
(11395,1149,5047,5037,5026,5022,5017,5012,5013,5014)
(11414,1150,5029,5023,5018,5012,5006,5000)
(11190,1151,5019,5023,5028,5039,5049)
(11703,1152,5028,5018,5012,5006,5000)
(10396,1152,5044,5039,5028,5018,5012)
(11612,1153,5002,5007,5018,5028,5039,5049)
(10895,1154,5030,5024,5019,5014,5009)
(11935,1155,5026,5037,5047)
(11930,1156,5003,5002,5007,5012,5017,5022,5026,5037,5047)
(10162,1159,5038,5027,5017,5006,5000)
(11503,1159,5047,5037,5026,5022,5017)
(10560,1159,5009,5020,5030,5036,5042,5052)
(10040,1161,5042,5036,5030,5024,5023,5018,5012,5006,5000)
(10065,1161,5009,5020,5030,5041)
(11444,1163,5006,5012,5018,5028,5039,5044,5050)
(11065,1163,5029,5023,5018,5012,5006,5000)
(10505,1165,5000,5006,5017,5027)
(10536,1166,5028,5018,5007)
(10893,1167,5006,5017,5027,5038)
(10539,1167,5007,5018,5023,5029)
(11711,1167,5029,5023,5018,5012,5006,5000)
(10520,1168,5052,5042,5036,5030,5024,5019,5008)
(10002,1169,5039,5028,5018,5012,5006)
(11242,1169,5012,5018,5028,5039,5044,5045)
(11961,1170,5042,5036,5030,5024,5023,5018,5012,5011)
(11722,1170,5016,5026,5037,5047,5053)
(10038,1171,5029,5019,5008)
(10563,1172,5021,5025,5024,5023,5028,5039,5049,5054,5053)
(10456,1176,5047,5037,5026,5022,5017,5012,5007,5002)
(11336,1180,5029,5023,5018,5012,5006)
(11954,1181,5052,5042,5031,5021,5015,5009)
(10621,1181,5027,5017,5006,5000)
(11804,1182,5030,5041,5051)
(10431,1183,5026,5037,5047,5053)
(11936,1184,5011,5012,5018,5028,5039,5044,5050)
(10794,1184,5006,5012,5018,5028,5039,5049)
(10655,1185,5004,5003,5002,5007,5012,5017,5022,5026,5037,5047)
(11398,1185,5031,5042,5052)
(10660,1186,5021,5025,5024,5029,5040,5050)
(10209,1190,5029,5019,5008)
(11265,1192,5047,5037,5026)
(12017,1192,5030,5036,5042,5052)
(10622,1194,5027,5033,5034,5035,5036,5042,5052)
(10949,1194,5051,5045,5044,5039,5028,5018,5007)
(11355,1196,5018,5023,5024,5030,5036,5042,5052)
(12035,1198,5030,5036,5042,5052)
(11655,1198,5012,5018,5023,5024,5030,5036,5042,5052)
(11393,1199,5012,5018,5028,5039,5044)
(10938,1199,5024,5030,5041,5051)
(10167,1200,5030,5041,5051)
(10243,1200,5009,5020,5030)
(11351,1201,5023,5024,5030,5036,5042,5052)
(11552,1201,5052,5042,5036,5030,5024,5023,5018,5012,5006,5000)
(10276,1201,5050,5040,5029,5024,5025,5021)
(10277,1203,5026,5037,5047,5053)
(11542,1204,5024,5030,5036,5042,5052)
(11882,1205,5007,5018,5028,5039,5044,5045)
(10151,1205,5020,5030,5036,5042)
(11373,1206,5037,5026,5022,5017,5012,5007,5002)
(11650,1207,5031,5021,5010)
(10175,1209,5010,5021,5031,5042,5046,5051)
(11362,1210,5020,5030,5041)
(10831,1211,5030,5041,5051)
(11498,1212,5026,5016,5005)
(10691,1212,5030,5036,5042,5052)
(10177,1214,5037,5026,5016)
(11046,1214,5018,5023,5024,5030,5036,5042,5052)
(11042,1214,5018,5028,5039,5044,5045)
(10707,1214,5024,5030,5041,5051)
(10898,1215,5038,5027,5017,5012,5007,5002,5003,5004)
(11026,1218,5006,5012,5018,5028,5039,5044,5050)
(11684,1220,5005,5016,5026)
(11952,1221,5030,5024,5023,5018,5012,5006,5000)
(10992,1221,5047,5037,5026)
(11062,1222,5038,5027,5022,5016)
(10772,1224,5008,5019,5024,5030)
(10733,1225,5019,5029,5040)
(11021,1227,5028,5018,5007)
(11023,1228,5038,5027,5017)
(10741,1228,5004,5003,5002,5007,5012,5017,5022,5026,5037)
(11736,1229,5051,5046,5042,5031,5021,5015,5009)
(11741,1231,5027,5033,5034,5035,5036,5042,5052)
(10884,1231,5047,5037,5026,5022,5017,5012,5007,5002,5003,5004)
(10373,1232,5052,5042,5031,5021,5015)
(10374,1232,5051,5045,5044,5039,5028,5018,5012,5006,5000)
(10692,1233,5026,5016,5005)
(10228,1236,5030,5024,5023,5018,5012,5006)
(11360,1236,5038,5027,5022,5016)
(10005,1237,5030,5041,5051)
(10751,1239,5009,5020,5024,5029,5040)
(10389,1239,5042,5036,5030,5024,5023,5018,5012,5006)
(11633,1240,5030,5036,5042,5052)
(10283,1241,5029,5023,5018,5012,5006,5000)
(10297,1244,5051,5041,5030,5024,5019)
(10468,1247,5030,5036,5042,5052)
(11846,1247,5022,5027,5033,5039,5044,5050)
(11779,1247,5044,5039,5028,5018,5012,5006,5000)
(11487,1249,5027,5033,5039,5044,5045,5051)
(10105,1249,5024,5030,5036,5042,5052)
(10286,1251,5038,5027,5022,5016)
(10852,1252,5031,5021,5015,5009)
(11638,1252,5008,5019,5024,5030,5041)
(10789,1252,5029,5023,5018,5012,5006,5000)
(11135,1253,5007,5018,5023,5024,5030,5036)
(10099,1253,5021,5025,5024,5029,5040,5050)
(11719,1255,5026,5016,5005)
(10347,1255,5008,5019,5024,5030,5036,5042)
(11786,1257,5045,5044,5039,5028,5018,5012)
(10001,1257,5006,5017,5027)
(11675,1260,5007,5012,5017,5022,5026,5037,5047)
(10612,1264,5006,5012,5018,5023,5024,5030)
(11527,1266,5027,5017,5006)
(11513,1267,5049,5039,5033,5027)
(11767,1267,5011,5012,5018,5028,5039,5044,5045)
(11567,1267,5018,5028,5039,5044,5045,5051)
(11501,1268,5027,5017,5006,5000)
(11512,1268,5030,5024,5019,5014,5009)
(11469,1269,5028,5039,5044,5045,5051)
(11785,1271,5038,5027,5017,5012,5007,5002)
(11453,1271,5010,5021,5031)
(11613,1272,5011,5012,5018,5023,5024,5030,5036,5042)
(11551,1272,5029,5019,5008)
(11546,1272,5022,5027,5033,5039,5044,5050)
(11310,1274,5006,5012,5018,5028,5039,5044,5045)
(11138,1276,5042,5031,5021,5015)
(11436,1277,5038,5027,5017,5006,5000)
(11795,1277,5049,5039,5028)
(11656,1278,5030,5024,5023,5018,5012,5006,5000)
(11568,1280,5038,5027,5017,5012,5007,5002,5003)
(11329,1283,5008,5019,5029,5040,5050)
(11210,1285,5019,5024,5030,5041,5051)
(11319,1286,5021,5025,5024,5023,5028,5039,5049,5054,5053)
(11202,1286,5030,5041,5051)
(11302,1287,5002,5007,5012,5017,5027,5038,5048)
(11799,1287,5031,5021,5015,5009)
(11331,1288,5018,5023,5024,5030,5036,5042,5052)
(10366,1289,5007,5012,5017,5027,5038)
(11295,1290,5027,5038,5048)
(10309,1290,5051,5041,5030,5024,5019,5008)
(11431,1291,5026,5016,5005)
(11451,1291,5038,5027,5022,5016)
(10325,1291,5042,5031,5021,5015,5009)
(10960,1293,5022,5027,5033,5039,5049)
(11660,1293,5039,5028,5018,5012,5006,5000)
(10336,1293,5011,5012,5018,5023,5024,5030,5036,5042)
(11531,1294,5024,5030,5041,5051)
(11644,1297,5038,5027,5017,5012,5007,5002,5003)
(11743,1298,5027,5038,5048)
(11704,1301,5030,5036,5042,5052)
(10075,1303,5030,5036,5042,5052)
(10872,1303,5022,5027,5033,5034,5035,5036,5042,5052)
(11931,1304,5030,5036,5042,5052)
(10724,1305,5030,5024,5023,5018,5007)
(10988,1306,5047,5037,5026,5022,5017,5012)
(10812,1307,5042,5036,5030,5024,5023,5018)
(10911,1307,5027,5033,5039,5044,5045,5051)
(10270,1309,5031,5021,5010)
(10826,1309,5031,5021,5010)
(10857,1309,5031,5021,5010)
(10878,1309,5028,5018,5012,5006)
(11983,1310,5030,5024,5023,5018,5012,5006,5000)
(10264,1310,5028,5039,5044,5045,5051)
(11878,1311,5027,5017,5006,5000)
(10292,1311,5037,5026,5022,5017,5006)
(10876,1311,5024,5030,5041,5051)
(10886,1311,5009,5020,5024,5023,5028,5039)
(10235,1312,5052,5042,5036,5030,5024,5023,5018,5012)
(11186,1314,5037,5026,5022,5017,5012,5007,5002)
(11387,1315,5006,5012,5018,5023,5024,5030,5036,5042,5052)
(11539,1316,5030,5041,5051)
(11071,1316,5050,5044,5039,5028,5018,5012,5006,5000)
(10180,1317,5004,5009,5020,5024,5029,5040)
(10266,1317,5028,5018,5012,5006,5000)
(11709,1318,5052,5042,5031,5021,5015)
(11594,1319,5036,5030,5024,5023,5018,5012,5006,5000)
(11106,1320,5049,5039,5028,5018,5007,5002,5003)
(11087,1323,5030,5041,5051)
(11796,1323,5031,5042,5052)
(10591,1324,5019,5029,5040,5050)
(11040,1325,5024,5030,5041,5051)
(10638,1326,5048,5038,5027,5017,5012)
(10221,1326,5026,5016,5005)
(11621,1326,5006,5012,5018,5023,5029)
(10588,1327,5031,5021,5010)
(10639,1327,5027,5017,5006)
(11948,1328,5040,5029,5019,5008)
(10651,1329,5003,5002,5007,5012,5017,5022,5026,5037)
(10561,1329,5020,5030,5036,5042)
(10553,1330,5020,5030,5041,5051)
(11623,1330,5026,5016,5005)
(10678,1332,5049,5039,5033,5027,5022)
(11098,1333,5027,5033,5034,5035,5036,5042,5052)
(10680,1333,5022,5027,5033,5039,5044,5045,5051)
(11895,1334,5052,5042,5036,5030,5024,5023,5018)
(10690,1334,5000,5006,5012,5018,5028,5039)
(10710,1335,5026,5037,5047,5053)
(11740,1336,5036,5030,5024,5023,5018,5007)
(10715,1338,5019,5029,5040,5050)
(10729,1338,5008,5019,5029,5040)
(10476,1339,5039,5028,5018,5007,5002,5003)
(10448,1342,5029,5040,5050)
(10441,1343,5051,5045,5044,5039,5028)
(10471,1345,5018,5028,5039,5044,5045)
(11155,1346,5028,5018,5012,5006,5000)
(10790,1346,5027,5017,5006,5000)
(10798,1347,5039,5028,5023,5024,5025,5021,5010)
(11153,1347,5006,5012,5018,5028,5039)
(11918,1348,5027,5017,5006)
(11739,1351,5019,5029,5040)
(10469,1351,5038,5027,5017,5006,5000)
(11437,1351,5037,5026,5022,5017,5006)
(10421,1352,5052,5042,5036,5030,5024,5023,5018,5012,5006,5000)
(11909,1352,5023,5024,5030,5036,5042,5052)
(10017,1354,5007,5018,5023,5029)
(11117,1355,5047,5037,5026,5022,5017,5012,5007,5002,5003,5004)
(12021,1357,5028,5039,5049)
(11912,1358,5050,5040,5029,5024,5025,5021,5010)
(10046,1359,5024,5030,5041,5051)
(11974,1359,5011,5012,5018,5028,5039,5044)
(11573,1360,5006,5012,5018,5028,5039,5049)
(10156,1362,5020,5030,5041)
(11924,1362,5024,5030,5036,5042,5052)
(10126,1362,5006,5012,5018,5028,5039,5049)
(11854,1365,5010,5021,5031,5042,5052)
(10066,1366,5026,5016,5005)
(11111,1370,5051,5041,5030,5024)
(11530,1372,5024,5030,5036,5042,5052)
(11150,1372,5028,5018,5012,5006)
(12032,1372,5047,5037,5026,5022,5017,5012,5013,5014)
(11212,1373,5049,5039,5028)
(10435,1374,5036,5030,5024,5019,5008)
(11916,1376,5018,5028,5039,5044,5045)
(11593,1377,5020,5030,5036,5042,5052)
(10783,1378,5027,5038,5048)
(11223,1379,5029,5023,5018,5012,5006)
(10978,1380,5006,5012,5018,5028,5039,5049)
(12040,1382,5028,5039,5044,5050)
(10231,1382,5030,5036,5042,5052)
(11340,1382,5019,5023,5028,5039,5049)
(10606,1384,5045,5044,5039,5028,5018,5012)
(10803,1385,5046,5042,5031,5021,5015)
(11218,1386,5027,5033,5039,5044,5045,5051)
(11590,1387,5017,5027,5038,5048)
(10597,1388,5007,5018,5023,5029)
(11264,1389,5038,5027,5017,5012,5007,5002,5003)
(10491,1389,5030,5024,5023,5018,5012,5006)
(11837,1390,5027,5017,5006,5000)
(11206,1390,5008,5019,5029)
(10415,1391,5039,5028,5018,5007,5002)
(11528,1392,5011,5012,5018,5028,5039,5044,5045)
(11245,1392,5031,5042,5052)
(10820,1392,5042,5031,5021,5010)
(10906,1395,5044,5039,5028,5018,5012,5011)
(10087,1395,5012,5018,5028,5039,5044,5050)
(10412,1396,5051,5045,5044,5039,5028,5018,5012)
(10586,1397,5023,5024,5030,5036,5042,5052)
(10836,1398,5047,5037,5026,5022,5017,5012,5007,5002,5003)
(10677,1400,5030,5024,5023,5018,5012,5006,5000)
(10411,1400,5031,5042,5052)
(10394,1400,5018,5028,5039)
(10566,1401,5026,5016,5005)
(10094,1401,5053,5047,5037,5026,5016)
(11667,1401,5029,5023,5018,5012,5006,5000)
(10725,1403,5018,5028,5039,5044,5050)
(10619,1404,5052,5042,5031,5021)
(10671,1404,5022,5027,5033,5034,5035,5036,5042,5052)
(10549,1406,5029,5019,5008)
(11325,1406,5029,5023,5018,5007)
(11025,1409,5019,5023,5028,5039,5049,5054,5053)
(10687,1409,5027,5033,5039,5049)
(10499,1410,5042,5031,5021,5015,5009)
(10700,1411,5037,5026,5016)
(10492,1415,5009,5020,5030,5041,5051)
(10425,1415,5026,5016,5005)
(10026,1416,5051,5045,5044,5039,5033,5027)
(11284,1416,5027,5038,5048)
(11925,1417,5018,5028,5039,5044,5050)
(10480,1420,5050,5040,5029,5019,5014,5009)
(10804,1421,5030,5024,5019,5008)
(10032,1421,5030,5036,5042,5052)
(11308,1423,5004,5003,5002,5007,5012,5017,5022,5026,5037,5047)
(10464,1424,5028,5018,5012,5006)
(12013,1425,5028,5018,5007)
(11774,1425,5048,5038,5027,5017,5012)
(10744,1426,5024,5030,5041,5051)
(11478,1427,5016,5022,5027,5038)
(10626,1428,5049,5039,5028,5018,5007,5002,5003)
(10620,1429,5048,5038,5027)
(11225,1430,5051,5045,5044,5039,5028,5018,5007)
(10052,1431,5026,5016,5005)
(10518,1432,5037,5026,5022,5017,5012,5007)
(10184,1433,5029,5023,5018,5012,5006)
(11044,1434,5003,5002,5007,5012,5017,5022,5026,5037,5047)
(11163,1435,5024,5030,5036,5042,5052)
(10965,1436,5027,5033,5039,5044,5050)
(11285,1437,5044,5039,5028,5018,5012,5011)
(11018,1437,5021,5031,5042,5046,5051)
(11403,1439,5026,5016,5005)
(11988,1439,5030,5041,5051)
(11017,1440,5039,5028,5018,5007)
(11164,1441,5024,5030,5036,5042,5052)
(10125,1441,5019,5029,5040,5050)
(10318,1442,5020,5030,5036,5042,5052)
(10300,1444,5042,5031,5021)
(11057,1446,5028,5018,5012,5006,5000)
(10232,1447,5024,5030,5036,5042,5052)
(10953,1448,5048,5038,5027,5017)
(11775,1448,5038,5027,5017)
(11337,1449,5047,5037,5026,5022,5017,5012,5013)
(10271,1450,5050,5044,5039,5028,5018)
(11780,1450,5038,5027,5017,5012,5007,5002)
(10994,1451,5012,5018,5028,5039,5044,5045)
(10775,1451,5030,5024,5019,5008)
(10233,1452,5050,5044,5039,5033,5027)
(10127,1453,5002,5007,5012,5017,5022,5026,5037)
(11689,1456,5053,5047,5037,5026)
(12000,1457,5049,5039,5028,5018,5012)
(10253,1458,5048,5038,5027)
(10190,1459,5052,5042,5036,5030,5024,5023,5018,5007)
(11009,1460,5042,5036,5030,5024,5023,5018,5012,5011)
(11993,1461,5021,5031,5042)
(11404,1461,5027,5033,5039,5044,5050)
(11857,1461,5000,5006,5012,5018,5028,5039,5049)
(11167,1462,5006,5012,5018,5023,5024,5030,5036)
(11715,1463,5042,5036,5030,5024,5023,5018,5012,5006,5000)
(11855,1463,5028,5018,5007)
(10158,1463,5054,5049,5039,5028,5023,5019)
(11350,1464,5040,5029,5019,5014,5009)
(10204,1466,5004,5009,5020,5024,5029,5040,5050)
(11116,1467,5000,5006,5012,5018,5023,5024,5030,5036,5042)
(10894,1468,5036,5030,5024,5023,5018,5012,5006,5000)
(10205,1469,5036,5030,5024,5023,5018,5012,5006)
(11173,1469,5044,5039,5028,5018,5012,5011)
(10901,1470,5010,5021,5031,5042,5046)
(10384,1471,5045,5044,5039,5028,5018,5007)
(11801,1472,5018,5028,5039,5044)
(10115,1474,5028,5039,5044,5045,5051)
(11896,1474,5021,5031,5042)
(10363,1475,5012,5017,5022,5026,5037,5047)
(12039,1476,5019,5024,5030,5041)
(10137,1477,5026,5037,5047)
(11823,1477,5006,5012,5018,5023,5024,5030)
(10107,1479,5036,5030,5024,5023,5018,5012,5006)
(10928,1481,5026,5016,5005)
(10931,1483,5027,5038,5048)
(11079,1484,5008,5019,5024,5030,5036,5042,5052)
(10337,1486,5041,5030,5024,5019)
(10825,1486,5006,5012,5018,5028)
(11411,1487,5028,5039,5049)
(10333,1488,5019,5024,5030,5041)
(10478,1489,5050,5040,5029,5019,5008)
(10522,1490,5012,5018,5028,5039,5044,5045)
(10011,1492,5047,5037,5026,5022,5017,5012,5013)
(10542,1493,5037,5026,5022,5017,5012,5007)
(10195,1494,5011,5012,5018,5028,5039,5044,5050)
(10010,1495,5008,5019,5024,5030,5036,5042,5052)
(10835,1495,5006,5012,5018,5023,5024,5030)
(10185,1496,5050,5040,5029,5024,5025,5021)
(11550,1499,5018,5028,5039,5044,5050)
(10138,1500,5010,5021,5031,5042,5046,5051)
(11549,1501,5051,5041,5030,5024)
(10143,1502,5022,5027,5033,5039,5049)
(10562,1502,5011,5012,5018,5028,5039,5044,5045)
(10174,1503,5047,5037,5026,5022,5017,5012,5007,5002,5003,5004)
(11745,1504,5051,5041,5030,5024,5019,5008)
(11729,1504,5047,5037,5026,5016,5005)
(10173,1505,5029,5040,5050)
(11170,1505,5052,5042,5036,5030,5024,5023,5018,5007)
(11286,1506,5036,5030,5024,5019,5008)
(10579,1507,5020,5024,5023,5028,5039,5049)
(10770,1509,5006,5012,5018,5023,5024,5030,5036,5042,5052)
(10440,1509,5022,5027,5033,5039,5049)
(10390,1510,5039,5028,5018)
(10093,1511,5029,5023,5018,5012,5006,5000)
(11731,1511,5049,5039,5028,5018,5007)
(12046,1512,5026,5016,5005)
(11247,1512,5019,5029,5040)
(11972,1514,5029,5023,5018,5012,5006,5000)
(11807,1514,5031,5042,5052)
(10410,1515,5020,5024,5023,5028,5039,5049)
(10362,1517,5050,5040,5029,5019,5014)
(10416,1518,5051,5041,5030,5024)
(11615,1518,5020,5024,5023,5028,5039,5049,5054)
(10356,1519,5022,5027,5033,5039,5044,5050)
(11611,1519,5050,5044,5039,5028,5018,5007)
(11595,1521,5012,5018,5028,5039,5044,5050)
(10332,1522,5026,5037,5047,5053)
(10449,1524,5020,5030,5041,5051)
(11561,1525,5020,5030,5041)
(11626,1525,5051,5045,5044,5039,5028,5018,5007)
(10453,1525,5045,5044,5039,5028,5018,5012,5011)
(10458,1526,5010,5021,5031,5042,5052)
(10296,1527,5039,5028,5018,5012,5006,5000)
(10477,1529,5000,5006,5012,5018,5023,5024,5030)
(11654,1533,5021,5025,5024,5023,5028,5039,5049,5054)
(11714,1534,5000,5006,5012,5018,5023,5024,5030,5036,5042)
(10495,1534,5028,5039,5044,5050)
(10019,1535,5028,5039,5049)
(10507,1536,5049,5039,5028)
(11932,1537,5029,5023,5018,5012,5006,5000)
(11371,1538,5002,5007,5012,5017,5027,5038)
(11871,1539,5023,5024,5030,5036,5042,5052)
(11827,1540,5029,5023,5018,5012,5006,5000)
(11008,1541,5002,5007,5018,5028,5039)
(11898,1541,5037,5026,5022,5017,5006)
(10490,1544,5038,5027,5017,5012,5007,5002)
(10989,1544,5029,5023,5018,5007)
(11828,1544,5029,5023,5018,5007)
(10983,1545,5000,5006,5012,5018,5023,5024,5030)
(10977,1546,5007,5012,5017,5027,5038,5048)
(11963,1546,5024,5030,5041,5051)
(10968,1548,5053,5047,5037,5026,5016)
(11048,1550,5028,5018,5007)
(10925,1552,5028,5018,5012,5006,5000)
(10951,1553,5050,5040,5029,5024,5025,5021,5010)
(10902,1554,5029,5023,5018,5012,5006,5000)
(11571,1556,5038,5027,5017)
(11784,1557,5029,5040,5050)
(10781,1559,5036,5030,5024,5023,5018,5012,5006)
(10939,1559,5042,5031,5021)
(10846,1561,5042,5031,5021,5010)
(10589,1562,5038,5027,5017,5012,5007,5002)
(11278,1563,5051,5045,5044,5039,5033,5027,5022)
(11798,1564,5027,5033,5039,5044,5050)
(11304,1565,5036,5030,5024,5019,5008)
(11271,1565,5016,5022,5027,5038)
(11473,1567,5045,5044,5039,5028,5018,5012)
(11307,1571,5000,5006,5012,5018,5028,5039,5044,5045,5051)
(10832,1572,5038,5027,5017,5012,5007)
(11129,1574,5028,5018,5012,5006)
(11402,1575,5028,5018,5012,5006)
(11975,1575,5036,5030,5024,5023,5018,5012,5006,5000)
(11348,1576,5049,5039,5028,5018,5007,5002,5003)
(11091,1578,5010,5021,5031)
(11652,1578,5007,5012,5017,5022,5026,5037,5047)
(12011,1578,5029,5023,5018,5012,5006)
(11219,1580,5007,5018,5023,5029)
(11088,1580,5046,5042,5031,5021,5015,5009)
(10912,1582,5030,5036,5042,5052)
(11810,1584,5016,5026,5037)
(11803,1585,5008,5019,5024,5030,5036,5042,5052)
(11368,1586,5028,5018,5012,5006)
(11690,1586,5029,5023,5018,5007)
(11049,1587,5024,5030,5041,5051)
(11933,1588,5028,5039,5044,5050)
(11366,1589,5000,5006,5012,5018,5023,5024,5030,5036)
(10609,1590,5027,5017,5006,5000)
(10740,1591,5004,5009,5020,5024,5029,5040)
(10658,1593,5031,5042,5052)
(11365,1594,5031,5021,5015,5009)
(10714,1595,5008,5019,5024,5030,5041)
(11508,1595,5020,5030,5041,5051)
(11754,1595,5019,5024,5030,5036,5042,5052)
(11781,1597,5012,5018,5023,5024,5030,5036,5042,5052)
(11852,1597,5006,5012,5018,5023,5024,5030,5036,5042)
(10734,1598,5011,5012,5018,5028,5039,5044)
(11889,1599,5036,5030,5024,5023,5018,5007)
(11937,1599,5051,5045,5044,5039,5028,5018,5007)
(10634,1599,5012,5018,5023,5024,5030,5036,5042,5052)
(11359,1600,5051,5046,5042,5031,5021)
(10132,1601,5020,5030,5041)
(11221,1601,5052,5042,5036,5030,5024,5019,5008)
(10646,1602,5020,5024,5023,5028,5039,5049,5054)
(10661,1603,5038,5027,5017,5012,5007,5002)
(10657,1603,5050,5040,5029,5019,5014)
(11115,1607,5052,5042,5036,5030,5024,5023,5018,5012,5006,5000)
(11338,1610,5021,5025,5024,5029,5040,5050)
(11311,1610,5031,5042,5052)
(11985,1611,5024,5030,5041,5051)
(11169,1612,5047,5037,5026,5022,5017,5012,5007,5002,5003,5004)
(10181,1613,5054,5049,5039,5028,5023,5024,5025,5021)
(10737,1614,5038,5027,5022,5016)
(10525,1614,5051,5045,5044,5039,5028,5018,5012)
(10519,1617,5031,5042,5052)
(10535,1618,5052,5042,5036,5030,5024,5023,5018,5007)
(10514,1619,5019,5023,5028,5039,5049)
(11560,1620,5029,5023,5018,5012,5006,5000)
(11668,1623,5021,5025,5024,5023,5028,5039,5049,5054,5053)
(11016,1623,5040,5029,5019,5008)
(11661,1624,5049,5039,5033,5027,5022)
(11659,1625,5030,5041,5051)
(12007,1625,5010,5021,5031,5042)
(11114,1626,5024,5030,5036,5042,5052)
(11716,1627,5028,5039,5044,5045,5051)
(11558,1627,5018,5028,5039,5049)
(12027,1628,5019,5023,5028,5039,5049,5054)
(11306,1628,5048,5038,5027)
(11830,1628,5036,5030,5024,5023,5018,5012,5006,5000)
(10029,1630,5007,5012,5017,5022,5026,5037)
(10033,1630,5026,5016,5005)
(10028,1633,5045,5044,5039,5028,5018,5012,5006)
(10582,1633,5029,5023,5018,5007)
(11142,1634,5052,5042,5031,5021,5015)
(11427,1635,5037,5026,5022,5017,5012,5007)
(11246,1636,5039,5028,5018,5012,5006,5000)
(11815,1637,5004,5003,5002,5007,5012,5017,5022,5026,5037)
(11160,1638,5052,5042,5036,5030,5024,5019,5008)
(10585,1639,5026,5037,5047,5053)
(10590,1640,5028,5018,5007)
(11208,1641,5047,5037,5026,5022,5017,5012)
(11474,1643,5016,5026,5037)
(11471,1643,5030,5024,5019,5014,5009)
(11002,1644,5019,5024,5030,5041,5051)
(11816,1645,5047,5037,5026,5022,5017,5006)
(11548,1645,5049,5039,5028,5018)
(11235,1646,5027,5033,5039,5049)
(10624,1646,5028,5039,5044,5045,5051)
(10121,1650,5018,5028,5039,5044)
(10074,1652,5038,5027,5017,5012,5007,5002)
(10058,1654,5027,5033,5034,5035,5036,5042,5052)
(11301,1655,5038,5027,5022,5016)
(10596,1655,5012,5018,5028,5039,5049)
(10048,1657,5041,5030,5024,5019,5008)
(10916,1658,5021,5031,5042,5052)
(10867,1661,5028,5018,5007)
(11541,1661,5042,5036,5030,5024,5023,5018,5012)
(11979,1662,5046,5042,5031,5021,5010)
(11003,1663,5029,5023,5018,5007)
(11121,1664,5019,5023,5028,5039,5049,5054,5053)
(11776,1665,5007,5018,5028,5039)
(11894,1667,5039,5028,5018,5012,5011)
(10397,1667,5008,5019,5024,5030,5041)
(10918,1668,5028,5039,5049)
(11843,1670,5027,5033,5034,5035,5036,5042,5052)
(10594,1670,5038,5027,5022,5016)
(11381,1672,5051,5045,5044,5039,5028,5018,5012,5006,5000)
(11363,1672,5026,5016,5005)
(11483,1675,5045,5044,5039,5028,5018)
(10403,1676,5037,5026,5022,5017,5012,5007)
(11416,1677,5049,5039,5028,5023,5024,5025,5021)
(10841,1678,5041,5030,5024,5019)
(10716,1680,5006,5012,5018,5023,5024,5030,5036,5042,5052)
(10806,1680,5024,5030,5036,5042,5052)
(11844,1680,5028,5018,5012,5006)
(10662,1682,5030,5024,5019,5014,5009)
(10749,1683,5051,5041,5030,5024)
(11921,1684,5045,5044,5039,5028,5018,5012,5006,5000)
(11461,1685,5029,5023,5018,5012,5006)
(10785,1685,5028,5018,5012,5006,5000)
(10348,1686,5026,5016,5005)
(10774,1687,5005,5016,5026,5037,5047,5053)
(10753,1687,5008,5019,5029,5040,5050)
(11753,1687,5022,5027,5033,5039,5044,5045,5051)
(10864,1694,5031,5042,5052)
(11464,1694,5007,5018,5028,5039,5049)
(11383,1695,5021,5031,5042,5046,5051)
(11875,1695,5028,5039,5049)
(11587,1696,5021,5025,5024,5029,5040,5050)
(10695,1697,5050,5044,5039,5028,5018,5007)
(10999,1697,5020,5030,5036,5042)
(11998,1698,5029,5040,5050)
(10996,1700,5028,5018,5007)
(11494,1700,5028,5039,5044,5045,5051)
(10238,1701,5020,5024,5023,5028,5039,5049)
(11222,1701,5030,5036,5042,5052)
(10282,1702,5003,5002,5007,5012,5017,5027,5038,5048)
(10982,1703,5012,5018,5028,5039,5044,5045,5051)
(11434,1704,5031,5042,5052)
(10316,1704,5027,5033,5034,5035,5036,5042,5052)
(11133,1706,5019,5023,5028,5039,5049,5054)
(11425,1707,5036,5030,5024,5019,5008)
(10944,1707,5024,5030,5036,5042,5052)
(10328,1708,5051,5045,5044,5039,5033,5027)
(10329,1709,5044,5039,5028,5018,5012,5006)
(10722,1709,5021,5025,5024,5023,5028,5039,5049)
(10969,1710,5049,5039,5028,5018,5012,5006)
(12001,1712,5000,5006,5012,5018,5028,5039,5044)
(10970,1712,5054,5049,5039,5028,5023,5019)
(11238,1713,5030,5024,5019,5014,5009)
(10486,1713,5031,5021,5010)
(11970,1714,5002,5007,5012,5017,5022,5026,5037)
(10686,1721,5044,5039,5028,5018,5012,5006)
(10971,1722,5031,5021,5015,5009)
(12008,1724,5049,5039,5028,5018,5007,5002)
(11782,1724,5036,5030,5024,5023,5018,5012,5006)
(11761,1725,5031,5021,5015,5009)
(11919,1727,5051,5045,5044,5039,5028,5018,5012,5006,5000)
(11861,1729,5030,5041,5051)
(11757,1730,5010,5021,5031,5042)
(11491,1731,5009,5020,5030,5036,5042,5052)
(11994,1732,5008,5019,5024,5030,5041,5051)
(10574,1733,5027,5033,5039,5044,5045,5051)
(11742,1733,5010,5021,5031,5042)
(10556,1736,5018,5028,5039,5044,5050)
(11201,1736,5026,5016,5005)
(11720,1736,5006,5012,5018,5028,5039,5044)
(11197,1737,5011,5012,5018,5028,5039)
(10523,1738,5040,5029,5019,5008)
(10511,1739,5040,5029,5019)
(12042,1741,5009,5020,5024,5029,5040)
(11257,1741,5004,5003,5002,5007,5012,5017,5022,5026,5037)
(11872,1742,5038,5027,5017,5012,5007)
(11229,1743,5011,5012,5018,5028,5039)
(11263,1744,5047,5037,5026,5022,5017,5012,5013)
(11268,1744,5028,5018,5007)
(11589,1745,5036,5030,5024,5023,5018,5012,5006)
(11910,1745,5007,5018,5028,5039)
(10443,1746,5017,5022,5026,5037,5047)
(11244,1747,5007,5018,5028,5039)
(10339,1747,5006,5012,5018,5023,5024,5030,5036)
(12026,1747,5039,5028,5018,5012,5006)
(11188,1747,5018,5028,5039,5044,5045)
(11303,1748,5012,5018,5028,5039,5044,5050)
(10395,1749,5042,5036,5030,5024,5023,5018,5007)
(11734,1749,5028,5018,5007)
(11193,1750,5019,5024,5030,5036,5042,5052)
(11328,1750,5053,5054,5049,5039,5028,5023,5024,5025,5021)
(11258,1750,5007,5018,5028,5039)
(10360,1751,5021,5025,5024,5029,5040,5050)
(11269,1753,5031,5021,5015,5009)
(11680,1753,5030,5036,5042,5052)
(10353,1754,5026,5037,5047,5053)
(10342,1755,5052,5046,5045,5044,5039,5033,5027)
(11345,1756,5027,5017,5006,5000)
(10406,1757,5036,5030,5024,5019,5008)
(10314,1758,5021,5031,5042,5046,5051)
(11374,1760,5050,5040,5029,5019)
(11397,1761,5039,5028,5018,5012)
(11386,1763,5008,5019,5024,5030)
(11385,1765,5011,5012,5018,5028,5039,5049)
(12037,1765,5028,5018,5007)
(10882,1766,5020,5030,5036,5042)
(10357,1767,5026,5016,5005)
(10858,1769,5006,5012,5018,5023,5024,5030,5036)
(11858,1770,5042,5031,5021)
(10809,1770,5016,5026,5037)
(11946,1771,5030,5036,5042,5052)
(10323,1771,5026,5016,5005)
(10966,1773,5007,5018,5028,5039,5044,5045,5051)
(12024,1775,5029,5023,5018,5007)
(11012,1775,5028,5039,5044,5050)
(10761,1775,5009,5020,5030,5041,5051)
(11027,1777,5040,5029,5024,5025,5021,5010)
(11413,1778,5044,5039,5028,5018,5012)
(11060,1779,5005,5016,5026,5037,5047)
(11314,1779,5047,5037,5026,5022,5017,5012,5007,5002)
(10797,1780,5031,5021,5015,5009)
(10694,1784,5027,5033,5039,5049)
(10805,1785,5038,5027,5017,5006)
(11762,1785,5006,5012,5018,5028,5039,5044)
(11455,1786,5044,5039,5028,5018,5007)
(10648,1786,5011,5012,5018,5023,5024,5030,5036,5042,5052)
(10666,1786,5019,5023,5028,5039,5049,5054,5053)
(10632,1787,5023,5024,5030,5036,5042,5052)
(10610,1788,5047,5037,5026,5016)
(10767,1788,5044,5039,5028,5018,5012,5006)
(10608,1789,5018,5028,5039,5044)
(11174,1790,5012,5018,5023,5024,5030,5036,5042,5052)
(10076,1792,5054,5049,5039,5028,5023,5019,5014)
(10153,1793,5047,5037,5026,5022,5017,5012,5007,5002,5003,5004)
(10139,1795,5020,5024,5023,5028,5039,5049,5054)
(10130,1797,5022,5027,5033,5034,5035,5036,5042,5052)
(11006,1798,5030,5041,5051)
(11119,1799,5009,5020,5030,5036,5042,5052)
(10310,1800,5008,5019,5024,5030,5041)
(11024,1801,5026,5016,5005)
(10097,1802,5006,5012,5018,5023,5029)
(10091,1802,5029,5023,5018,5012,5006)
(11625,1805,5002,5007,5012,5017,5022,5026,5037)
(10112,1807,5021,5031,5042,5052)
(10698,1807,5036,5030,5024,5023,5018,5012,5006)
(10072,1809,5050,5040,5029)
(10070,1811,5006,5017,5027,5038)
(11797,1813,5026,5016,5005)
(11682,1814,5023,5024,5030,5036,5042,5052)
(10053,1816,5031,5042,5052)
(11579,1818,5027,5038,5048)
(10020,1818,5029,5023,5018,5012,5006)
(10021,1819,5036,5030,5024,5023,5018,5007)
(11706,1819,5029,5040,5050)
(11958,1821,5026,5016,5005)
(10229,1822,5020,5024,5029,5040,5050)
(10285,1823,5003,5002,5007,5012,5017,5022,5026,5037)
(12002,1823,5029,5023,5018,5012,5006)
(10183,1824,5029,5023,5018,5012,5006,5000)
(11678,1825,5050,5044,5039,5033,5027,5022)
(11429,1826,5051,5045,5044,5039,5028,5018)
(11442,1828,5027,5017,5006,5000)
(10262,1828,5004,5003,5002,5007,5012,5017,5022,5026,5037)
(11412,1829,5018,5028,5039,5044,5045,5051)
(10172,1830,5004,5009,5020,5024,5029,5040,5050)
(11658,1831,5009,5020,5024,5029,5040)
(11987,1831,5039,5028,5018,5007)
(11628,1831,5038,5027,5017,5006)
(11777,1832,5019,5029,5040)
(11976,1833,5028,5018,5012,5006,5000)
(10249,1833,5048,5038,5027,5017,5012,5007)
(10699,1834,5018,5028,5039,5044,5050)
(11673,1834,5009,5020,5030,5036)
(10565,1834,5030,5036,5042,5052)
(11953,1835,5006,5017,5027,5038)
(10748,1836,5022,5027,5033,5034,5035,5036,5042,5052)
(10250,1836,5027,5038,5048)
(12033,1837,5027,5017,5006,5000)
(10338,1840,5011,5012,5018,5028,5039,5044,5050)
(10905,1841,5030,5024,5023,5018,5012,5006)
(10365,1841,5021,5031,5042)
(10069,1844,5016,5026,5037,5047,5053)
(10689,1845,5042,5036,5030,5024,5019)
(10322,1846,5042,5031,5021,5015)
(10064,1846,5009,5020,5030,5041,5051)
(10055,1847,5052,5042,5031)
(10987,1850,5026,5016,5005)
(10036,1850,5050,5040,5029,5024,5025,5021,5010)
(10779,1851,5038,5027,5022,5016)
(11122,1851,5024,5030,5036,5042,5052)
(10801,1852,5026,5016,5005)
(10299,1855,5027,5038,5048)
(10311,1857,5029,5019,5008)
(11907,1858,5011,5012,5018,5023,5024,5030,5036,5042)
(10305,1858,5010,5021,5031)
(10424,1861,5000,5006,5012,5018,5028,5039,5044,5045)
(10263,1861,5036,5030,5024,5023,5018,5007)
(10552,1862,5027,5033,5034,5035,5036,5042,5052)
(10134,1863,5011,5012,5018,5028,5039,5049)
(10426,1864,5019,5023,5028,5039,5049,5054,5053)
(10455,1864,5009,5020,5024,5023,5028,5039)
(10908,1864,5044,5039,5028,5018,5012,5011)
(10746,1865,5006,5017,5022,5026,5037,5047)
(12006,1865,5030,5036,5042,5052)
(10498,1865,5041,5030,5024,5019)
(10697,1866,5031,5042,5052)
(10494,1867,5000,5006,5017,5027)
(10897,1867,5027,5033,5039,5044,5045,5051)
(10572,1868,5021,5031,5042)
(11730,1869,5006,5012,5018,5028,5039,5044,5045)
(10439,1870,5026,5037,5047)
(11031,1870,5006,5012,5018,5028,5039)
(10141,1870,5052,5042,5036,5030)
(10799,1870,5036,5030,5024,5023,5018,5007)
(10154,1871,5026,5016,5005)
(10157,1872,5008,5019,5029,5040,5050)
(10169,1874,5051,5045,5044,5039,5028,5018,5012,5006)
(10419,1875,5037,5026,5016)
(11559,1876,5030,5024,5023,5018,5012,5006,5000)
(10919,1876,5047,5037,5026,5016,5005)
(10855,1876,5052,5042,5031,5021)
(10170,1877,5009,5020,5030,5041,5051)
(11728,1877,5036,5030,5024,5023,5018,5012,5006,5000)
(10679,1878,5044,5039,5028,5018,5012)
(10670,1879,5042,5036,5030,5024,5023,5018,5012,5006)
(10079,1879,5042,5031,5021,5010)
(11074,1879,5019,5024,5030,5036,5042)
(10654,1881,5029,5023,5018,5012,5006,5000)
(10088,1881,5008,5019,5029,5040,5050)
(10242,1882,5044,5039,5028,5018,5007)
(11580,1882,5030,5024,5023,5018,5012,5006)
(10402,1883,5018,5028,5039,5044,5045,5051)
(10092,1885,5052,5042,5031)
(10818,1885,5029,5023,5018,5012,5006,5000)
(11622,1887,5037,5026,5022,5017,5012,5007,5002,5003)
(10603,1887,5007,5018,5023,5024,5030,5036)
(11176,1888,5006,5012,5018,5028,5039,5044)
(10583,1889,5007,5018,5023,5024,5030,5036,5042)
(10368,1891,5016,5022,5027,5038)
(11950,1893,5020,5030,5036,5042)
(10418,1893,5029,5023,5018,5007)
(11298,1894,5028,5039,5044,5045,5051)
(10098,1895,5030,5024,5019,5014,5009)
(10577,1897,5016,5026,5037)
(11273,1899,5021,5031,5042,5052)
(11227,1901,5023,5024,5030,5036,5042,5052)
(11283,1902,5016,5022,5027,5038)
(11423,1902,5030,5024,5019,5008)
(11217,1902,5017,5027,5038)
(11216,1903,5027,5017,5006)
(11195,1906,5051,5045,5044,5039,5028,5018)
(11198,1908,5011,5012,5018,5023,5024,5030,5036,5042,5052)
(11806,1913,5031,5021,5010)
(11165,1914,5011,5012,5018,5028,5039,5049)
(11507,1914,5049,5039,5028,5018,5007,5002,5003)
(11683,1916,5017,5022,5026,5037,5047)
(11758,1919,5029,5040,5050)
(11570,1923,5027,5017,5006,5000)
(11523,1926,5021,5031,5042,5046,5051)
(11891,1926,5048,5038,5027,5017,5006)
(11482,1927,5051,5045,5044,5039,5028,5018,5007)
(11232,1928,5052,5042,5036,5030,5024,5023,5018,5012,5011)
(11207,1928,5036,5030,5024,5019,5008)
(11671,1928,5050,5040,5029,5024,5025,5021)
(11407,1930,5000,5006,5012,5018,5028,5039,5049)
(11358,1932,5021,5031,5042,5052)
(11126,1934,5027,5017,5006,5000)
(10997,1935,5012,5018,5028,5039,5049)
(11578,1935,5030,5036,5042,5052)
(11904,1935,5037,5026,5022,5017,5012,5007)
(11078,1936,5028,5039,5044,5045,5051)
(11267,1936,5031,5042,5052)
(10815,1936,5006,5012,5018,5028)
(10948,1938,5011,5012,5018,5028,5039,5049)
(11058,1939,5053,5047,5037,5026,5016,5005)
(11168,1940,5036,5030,5024,5023,5018,5012,5006,5000)
(11171,1940,5042,5031,5021,5015,5009)
(11081,1941,5000,5006,5012,5018,5023,5024,5030,5036,5042,5052)
(11922,1943,5019,5024,5030,5041,5051)
(11610,1943,5030,5041,5051)
(11534,1943,5038,5027,5017,5012,5007,5002)
(11127,1944,5008,5019,5024,5030,5041)
(11061,1945,5021,5025,5024,5029,5040,5050)
(11485,1945,5027,5033,5039,5049)
(10428,1947,5006,5012,5018,5028)
(11945,1947,5036,5030,5024,5019,5008)
(10907,1948,5006,5012,5018,5023,5024,5030,5036,5042,5052)
(11043,1948,5050,5044,5039,5033,5027)
(11639,1949,5030,5041,5051)
(11007,1949,5007,5012,5017,5027,5038)
(10851,1950,5047,5037,5026,5016)
(11556,1953,5052,5042,5036,5030,5024,5023,5018)
(11519,1954,5021,5031,5042,5052)
(10853,1954,5045,5044,5039,5028,5018,5012,5006,5000)
(10182,1954,5027,5038,5048)
(10863,1957,5012,5018,5028,5039,5044,5045)
(11695,1958,5030,5041,5051)
(11497,1960,5049,5039,5028,5018,5007,5002)
(11618,1960,5007,5018,5028,5039,5044)
(10220,1961,5027,5033,5034,5035,5036,5042,5052)
(11851,1961,5031,5042,5052)
(10217,1961,5044,5039,5028,5018,5012,5006,5000)
(10110,1962,5047,5037,5026,5022,5017,5012,5013,5014)
(10222,1963,5003,5002,5007,5012,5017,5022,5026,5037)
(10230,1965,5000,5006,5012,5018,5028,5039)
(11495,1965,5000,5006,5012,5018,5023,5024,5030,5036)
(11457,1966,5030,5041,5051)
(11885,1966,5022,5027,5033,5039,5044,5050)
(10206,1966,5024,5030,5036,5042,5052)
(11489,1967,5000,5006,5012,5018,5028,5039,5049)
(10822,1968,5028,5039,5044,5045,5051)
(10972,1969,5011,5012,5018,5028,5039,5049)
(10887,1970,5029,5023,5018,5007)
(10269,1971,5047,5037,5026,5022,5017,5006)
(12044,1977,5049,5039,5028,5023,5019)
(11738,1979,5002,5007,5012,5017,5027,5038)
(11967,1980,5028,5018,5007)
(10056,1981,5000,5006,5012,5018,5028,5039,5044,5050)
(11035,1983,5031,5042,5052)
(10956,1983,5053,5047,5037,5026,5016,5005)
(10027,1985,5028,5018,5012,5006)
(11630,1986,5023,5024,5030,5036,5042,5052)
(10959,1990,5010,5021,5031)
(11158,1990,5024,5030,5036,5042,5052)
(10096,1992,5010,5021,5031,5042)
(11228,1992,5028,5018,5012,5006)
(11887,1994,5011,5012,5018,5028,5039,5049)
(11585,1994,5054,5049,5039,5028,5023,5024,5025,5021)
(11596,1994,5021,5031,5042,5052)
(11364,1995,5005,5016,5026)
(11702,1995,5009,5020,5024,5029,5040,5050)
(10086,1996,5028,5018,5012,5006)
(11756,1996,5031,5021,5010)
(11582,1996,5017,5022,5026,5037,5047)
(11279,1997,5019,5024,5030,5036,5042)
(11688,1999,5027,5033,5039,5044,5045,5051)
(11052,2000,5011,5012,5018,5028,5039,5044,5045,5051)
(11765,2000,5047,5037,5026,5022,5017,5012,5007,5002,5003,5004)
(11949,2002,5027,5017,5006)
(11192,2003,5006,5012,5018,5023,5029)
(11676,2003,5009,5020,5030,5041,5051)
(10739,2004,5027,5017,5006)
(10532,2005,5050,5044,5039,5033,5027,5022)
(11486,2006,5037,5026,5022,5017,5006)
(10738,2007,5002,5007,5012,5017,5027,5038,5048)
(10533,2007,5019,5023,5028,5039,5049)
(11701,2007,5026,5016,5005)
(10719,2010,5007,5018,5023,5024,5030)
(10446,2011,5051,5045,5044,5039,5028,5018,5012)
(10581,2013,5053,5047,5037,5026,5016)
(11187,2013,5021,5025,5024,5023,5028,5039,5049)
(11180,2016,5045,5044,5039,5028,5018)
(10684,2016,5049,5039,5028,5018,5012)
(11131,2017,5020,5024,5023,5028,5039,5049,5054,5053)
(11357,2018,5026,5016,5005)
(10653,2018,5000,5006,5012,5018,5028,5039,5044,5045)
(10664,2020,5039,5028,5018,5007,5002)
(11005,2022,5026,5016,5005)
(11853,2022,5000,5006,5012,5018,5028,5039,5044,5045,5051)
(10667,2022,5028,5039,5044,5045,5051)
(10979,2025,5012,5018,5028,5039,5044,5045,5051)
(10910,2025,5026,5016,5005)
(11647,2026,5007,5018,5028,5039)
(11760,2027,5052,5042,5036,5030,5024,5023,5018,5012)
(10375,2028,5016,5026,5037,5047)
(11143,2029,5012,5018,5028,5039)
(10324,2030,5007,5018,5028,5039,5044,5045)
(11183,2031,5029,5019,5008)
(11004,2033,5051,5045,5044,5039,5028,5018)
(10986,2034,5019,5024,5030,5041)
(11335,2034,5019,5024,5030,5041,5051)
(11327,2034,5004,5003,5002,5007,5012,5017,5022,5026,5037,5047)
(11800,2035,5006,5012,5018,5028)
(10991,2035,5007,5018,5028,5039)
(10371,2035,5050,5044,5039,5028,5018,5007)
(11330,2036,5011,5012,5018,5023,5024,5030,5036,5042)
(11441,2036,5026,5037,5047)
(11075,2037,5044,5039,5028,5018)
(10385,2037,5019,5029,5040)
(10391,2038,5020,5030,5041,5051)
(11324,2041,5049,5039,5028,5018,5007)
(11409,2041,5009,5020,5024,5029,5040)
(11960,2041,5052,5042,5036,5030)
(11814,2042,5049,5039,5028,5018,5012,5006)
(10788,2043,5007,5018,5023,5024,5030)
(11297,2044,5021,5025,5024,5023,5028,5039,5049,5054,5053)
(10782,2044,5047,5037,5026)
(11270,2046,5017,5022,5026,5037,5047)
(11818,2047,5000,5006,5017,5027)
(12045,2050,5022,5027,5033,5034,5035,5036,5042,5052)
(11792,2050,5038,5027,5017,5012,5007,5002,5003)
(11554,2055,5006,5012,5018,5023,5024,5030,5036)
(10755,2056,5028,5018,5012,5006,5000)
(11634,2062,5026,5016,5005)
(10866,2063,5026,5016,5005)
(11356,2064,5030,5041,5051)
(11377,2066,5031,5042,5052)
(11391,2066,5031,5042,5052)
(12047,2067,5050,5044,5039,5033,5027,5022)
(11696,2069,5026,5016,5005)
(11326,2069,5042,5036,5030,5024,5023,5018,5012)
(11450,2075,5019,5023,5028,5039,5049)
(11233,2075,5030,5024,5019,5008)
(10497,2077,5026,5016,5005)
(11521,2077,5029,5019,5008)
(10728,2078,5030,5024,5023,5018,5012,5006,5000)
(10961,2083,5029,5019,5008)
(11833,2084,5037,5026,5016)
(10576,2087,5026,5016,5005)
(11563,2095,5030,5036,5042,5052)
(11845,2116,5044,5039,5028,5018,5012,5006,5000)
(10676,2118,5030,5041,5051)
