#(carId,StartTime,RoadId...)
(11610,1,5018,5024,5030,5041)
(11223,2,5032,5043,5054)
(10949,3,5032,5021,5010)
(10950,5,5042,5036,5030,5019)
(10229,6,5050,5039,5028,5017,5011,5005)
(10317,7,5053,5042,5036,5030,5024,5018,5007)
(11777,8,5053,5042,5036,5030,5024)
(11436,9,5018,5029,5040,5051,5056,5055)
(10958,10,5053,5042,5031)
(10722,11,5054,5043,5032,5021,5010)
(10327,13,5051,5040,5029,5023,5017,5011,5005)
(10538,14,5027,5016,5005)
(11622,17,5023,5024,5030,5041,5052)
(10336,18,5017,5023,5029,5040)
(10981,22,5005,5011,5017,5028,5039)
(10067,22,5021,5032,5043)
(11198,23,5020,5025,5030,5041,5052)
(10984,24,5027,5016,5005)
(11626,25,5017,5028,5039,5050)
(10515,26,5028,5017,5011,5005)
(11327,28,5020,5025,5024,5029,5040,5051,5056)
(10112,29,5004,5003,5008,5019,5024,5029,5040)
(11923,32,5004,5003,5008,5019,5030,5041,5052)
(10650,32,5019,5030,5036,5042,5053)
(10886,33,5053,5042,5036,5030,5024,5018)
(10649,35,5005,5011,5017,5023,5029)
(11943,36,5050,5039,5028)
(11276,37,5025,5026,5032,5043,5054)
(10882,37,5004,5003,5008,5019,5024,5029,5040,5051)
(11266,39,5053,5042,5036,5030,5019,5008)
(10635,40,5026,5032,5043,5054)
(10905,41,5020,5025,5024,5029,5040,5051,5056)
(10133,42,5024,5030,5036,5042,5053)
(11197,43,5020,5025,5024,5029,5040,5051,5056,5055)
(11860,46,5005,5011,5017,5023,5029)
(10915,46,5003,5008,5019,5030,5041)
(11827,47,5006,5017,5028,5039)
(11246,47,5032,5026,5025,5024,5018,5007,5001)
(11956,49,5032,5043,5054)
(10286,50,5039,5028,5017)
(10098,53,5016,5027,5038,5049)
(11443,56,5026,5032,5043,5054)
(10372,58,5008,5019,5024,5029,5040)
(11884,61,5011,5017,5028,5039)
(11779,62,5021,5026,5025,5024,5029,5040,5051,5056)
(11659,62,5010,5021,5032)
(11145,64,5024,5030,5041,5052)
(10382,65,5049,5038,5027,5016,5005)
(11048,66,5051,5040,5029,5024,5019,5008,5003,5004)
(11254,66,5005,5011,5017,5023,5029,5040)
(11128,67,5028,5039,5050)
(11589,69,5043,5032,5026,5025,5024,5023,5017)
(10452,73,5018,5029,5040,5051,5056,5055)
(11364,74,5017,5023,5024,5030,5036,5042)
(11113,77,5040,5029,5024,5019,5008,5003)
(10437,79,5022,5023,5029,5040,5051)
(10404,80,5036,5030,5024,5018,5007)
(11107,80,5051,5040,5029,5024,5019,5008)
(10435,81,5042,5036,5030,5024,5023,5017,5011)
(11087,82,5040,5029,5018,5007)
(10004,83,5008,5019,5030,5036)
(10419,84,5039,5028,5023,5024,5019,5008)
(10486,85,5053,5048,5043,5032,5021,5010)
(12024,86,5054,5043,5032,5026,5025,5024,5018,5007)
(10356,87,5039,5028,5023,5018,5007)
(10747,88,5011,5017,5023,5024,5030,5041,5052)
(11179,91,5007,5018,5029)
(11721,91,5052,5041,5030,5019,5014)
(10360,92,5038,5027,5022,5023,5024,5019,5008,5003)
(10044,93,5036,5030,5024,5018,5007,5001)
(11576,94,5019,5024,5029,5040,5051)
(10055,94,5001,5007,5018,5024,5030,5036)
(12028,95,5052,5041,5030,5024,5023,5017,5011,5005)
(11335,95,5052,5041,5030,5024,5018,5007,5001)
(10042,96,5055,5056,5051,5040,5029,5024,5019)
(11548,98,5008,5019,5030)
(10363,98,5043,5032,5021,5010,5004)
(11902,99,5052,5041,5030)
(11021,99,5052,5041,5030,5024,5018,5007,5001)
(11573,100,5028,5017,5011,5005)
(10366,100,5027,5016,5005)
(11402,101,5020,5025,5024,5029,5040,5051,5056,5055)
(11461,102,5041,5030,5024,5018,5007,5001)
(10748,104,5011,5017,5023,5029,5040,5051)
(11886,106,5017,5023,5024,5030,5036,5042)
(10664,107,5008,5019,5030,5041)
(10798,108,5032,5043,5054)
(12032,109,5001,5007,5018,5029)
(12011,110,5004,5003,5008,5019,5024,5029,5040,5051)
(10182,110,5055,5050,5039,5028,5017,5006)
(10744,112,5023,5024,5025,5026,5032,5043,5054)
(11751,114,5027,5016,5005)
(11748,114,5022,5023,5029,5040,5051)
(11417,115,5003,5008,5019,5024,5029,5040,5051)
(11389,117,5032,5021,5010,5004,5003)
(10732,118,5008,5019,5030,5036,5042)
(11885,119,5018,5024,5025,5026,5032,5043,5054)
(10189,120,5023,5024,5030,5041,5052)
(11806,121,5042,5036,5030,5024,5018,5007)
(11458,123,5042,5036,5030,5024,5023,5017,5011)
(11833,123,5053,5042,5036,5030)
(11906,123,5043,5032,5021)
(11938,124,5019,5024,5029,5040,5051)
(10729,127,5006,5017,5022,5027,5038)
(11987,128,5036,5030,5019,5008)
(10467,129,5029,5018,5007,5001)
(11460,131,5022,5023,5029,5040,5051)
(10351,133,5022,5023,5029,5040,5051)
(10354,134,5052,5041,5030,5019)
(11538,134,5019,5025,5026,5032,5043,5054)
(11997,135,5055,5056,5051,5040,5029,5018,5007)
(10771,136,5054,5043,5032,5021,5010,5004,5003)
(10500,136,5004,5003,5008,5019,5024,5029,5040,5051,5056,5055)
(11056,137,5039,5028,5023,5024,5019,5008)
(10371,137,5003,5004,5010,5021,5032,5043,5054)
(11278,137,5036,5030,5024,5018,5007)
(11834,138,5052,5041,5030,5019)
(10374,138,5029,5018,5007)
(10475,140,5043,5032,5026,5025,5024,5018,5007,5001)
(10385,142,5003,5004,5010,5021,5032,5043)
(11716,145,5018,5024,5030,5041)
(10439,148,5053,5048,5043,5032,5021,5010)
(10409,149,5054,5043,5032,5026,5025,5024,5018,5007)
(10440,149,5022,5023,5024,5025,5026,5032,5043,5054)
(11752,150,5052,5041,5030)
(10427,150,5011,5017,5023,5024,5025,5026,5032,5043)
(11754,151,5025,5026,5032,5043,5054)
(11709,151,5039,5028,5023,5024,5019,5008,5003,5004)
(11674,152,5053,5042,5036,5030,5024,5023)
(11632,153,5022,5023,5024,5030,5041,5052)
(10653,153,5003,5008,5019,5024,5029,5040,5051,5056,5055)
(10269,155,5032,5021,5010,5004,5003)
(11497,156,5008,5019,5030,5036)
(11350,156,5019,5024,5029,5040,5051,5056)
(11811,157,5026,5032,5043,5054)
(10281,158,5020,5031,5042)
(11846,158,5028,5017,5006)
(10606,161,5018,5024,5025,5026,5032,5043)
(10302,162,5040,5029,5024,5019,5008,5003)
(11521,162,5006,5017,5028,5039,5050)
(11567,162,5001,5007,5018,5029,5040,5051)
(11431,163,5043,5032,5021,5010)
(10306,163,5048,5043,5032,5021,5010)
(11510,164,5001,5007,5018,5024,5030,5041,5052)
(11571,165,5015,5021,5032,5043)
(10316,166,5025,5026,5032,5043,5054)
(11187,167,5028,5017,5011,5005)
(10332,169,5040,5029,5018,5007)
(11664,170,5027,5016,5005)
(11840,171,5021,5026,5025,5024,5029,5040,5051,5056,5055)
(10518,171,5024,5030,5041,5052)
(10860,175,5029,5018,5007,5001)
(11651,176,5011,5017,5023,5024,5025,5026,5032,5043,5054)
(10058,177,5040,5029,5023,5017)
(11613,177,5006,5017,5022,5027,5038)
(10517,178,5055,5056,5051,5040,5029,5024,5025,5026,5021)
(10143,178,5021,5032,5043,5048,5053)
(11006,179,5029,5040,5051)
(11549,181,5040,5029,5018,5007,5001)
(10144,181,5051,5040,5029,5023,5017,5011)
(11178,183,5025,5026,5032,5043,5054)
(11173,184,5029,5018,5007,5001)
(11321,186,5010,5021,5032,5043,5054)
(11565,186,5024,5030,5036,5042,5053)
(11916,188,5027,5038,5049)
(11824,189,5005,5011,5017,5028,5039,5050)
(10616,189,5021,5026,5025,5024,5029,5040,5051)
(11578,190,5054,5043,5032)
(11378,190,5019,5030,5036,5042,5053)
(10863,190,5038,5027,5016,5005)
(10035,190,5029,5040,5051)
(11035,191,5007,5018,5029,5040)
(10062,193,5003,5008,5019,5024,5023,5022,5027,5038)
(11203,195,5023,5024,5030,5036,5042,5053)
(10975,196,5039,5028,5023,5024,5019,5008,5003)
(11312,197,5052,5041,5030)
(10138,197,5006,5017,5028,5039)
(11629,198,5054,5043,5032,5026,5025,5024,5023,5022)
(10338,199,5021,5026,5025,5024,5029,5040,5051)
(11875,199,5040,5029,5018,5007,5001)
(10750,200,5036,5030,5024,5018,5007,5001)
(11090,201,5052,5041,5030,5024,5018,5007,5001)
(10951,201,5056,5051,5040,5029,5018)
(10096,203,5016,5027,5038)
(11263,204,5051,5040,5029,5024,5019,5014)
(10918,205,5003,5008,5019,5024,5029,5040)
(10774,205,5019,5024,5029,5040,5051)
(11258,206,5024,5025,5026,5032,5043,5054)
(10156,208,5051,5040,5029,5024,5019,5008,5003,5004)
(10173,209,5022,5023,5024,5030,5036,5042,5053)
(10014,211,5032,5026,5025,5024,5023,5017,5011,5005)
(11062,212,5030,5041,5052)
(12000,212,5056,5051,5040,5029,5024,5019,5008,5003)
(11919,214,5005,5011,5017,5028,5039,5050)
(10823,215,5056,5051,5040,5029,5024,5019,5008)
(10927,217,5038,5027,5022,5023,5024,5019,5008,5003)
(10021,218,5027,5038,5049)
(10840,219,5032,5043,5054)
(11108,220,5053,5042,5036,5030,5024,5023)
(10834,221,5052,5041,5030,5025,5026,5021)
(11101,222,5032,5021,5010)
(10088,223,5054,5043,5032,5021,5010,5004)
(10320,224,5040,5029,5024,5019,5008,5003)
(11699,224,5039,5028,5023,5024,5019,5008,5003,5004)
(11212,225,5029,5023,5017,5011,5005)
(11418,227,5051,5040,5029,5023,5017,5011)
(10941,228,5023,5024,5030,5041,5052)
(10553,230,5038,5027,5022,5017,5006)
(10580,231,5042,5036,5030,5024,5018,5007,5001)
(10091,232,5021,5026,5025,5030,5041,5052)
(11602,233,5010,5021,5032)
(11092,233,5018,5029,5040)
(11753,237,5036,5030,5019,5008,5003)
(10591,237,5026,5032,5043,5054)
(10297,241,5056,5051,5040,5029,5024,5019,5014)
(11636,241,5036,5030,5019,5008)
(11587,242,5052,5041,5030)
(10923,242,5003,5008,5019,5024,5029,5040,5051,5056,5055)
(11245,243,5028,5039,5050)
(10417,245,5051,5040,5029,5018,5007)
(11804,245,5026,5032,5043,5054)
(10597,247,5032,5043,5054)
(11544,248,5050,5039,5028)
(10991,249,5039,5028,5023,5024,5019,5008,5003,5004)
(11248,249,5053,5042,5031)
(11859,250,5030,5024,5018,5007)
(10455,250,5017,5023,5024,5030,5036,5042)
(11239,251,5038,5027,5022,5023,5024,5019,5008,5003)
(10033,251,5038,5027,5022,5017,5006)
(11298,252,5055,5050,5039,5028,5017,5006)
(10378,254,5003,5008,5019,5024,5029,5040)
(11033,254,5039,5028,5017,5011,5005)
(10476,255,5022,5023,5024,5025,5026,5032,5043,5054)
(11148,255,5017,5028,5039,5050)
(10491,256,5006,5017,5028,5039,5050,5055)
(11836,257,5024,5030,5036,5042,5053)
(10465,258,5027,5038,5049)
(10367,259,5005,5011,5017,5023,5024,5030,5036,5042,5053)
(10388,260,5027,5016,5005)
(10562,261,5036,5030,5024,5018,5007)
(10047,262,5018,5029,5040,5051,5056)
(11908,262,5021,5026,5025,5024,5029,5040,5051,5056,5055)
(10364,262,5018,5029,5040)
(11547,266,5056,5051,5040,5029,5024,5019,5008,5003)
(10510,267,5038,5027,5022,5023,5018,5007)
(10345,267,5007,5018,5024,5030,5036,5042,5053)
(11982,269,5023,5029,5040,5051)
(10968,270,5052,5041,5030,5019,5008,5003)
(11116,270,5017,5023,5029,5040)
(12033,270,5001,5007,5018,5029,5040)
(10069,273,5043,5032,5021,5010)
(11110,274,5032,5026,5025,5024,5023,5017,5011,5005)
(11934,277,5032,5043,5054)
(11723,278,5029,5023,5017,5011,5005)
(11493,279,5003,5008,5019,5024,5023,5022,5027,5038)
(10745,281,5011,5017,5023,5024,5025,5026,5032,5043)
(10746,283,5042,5036,5030,5024,5023,5017)
(12005,285,5007,5018,5024,5025,5026,5032,5043,5054)
(10132,285,5028,5039,5050)
(11287,286,5053,5042,5036,5030,5024,5018)
(11559,286,5017,5028,5039,5050)
(11306,287,5032,5043,5054)
(10917,287,5019,5025,5026,5032,5043)
(10924,289,5043,5032,5021,5010,5004)
(10210,289,5011,5017,5023,5024,5030,5041,5052)
(10253,291,5054,5043,5032,5026,5025,5024,5023)
(10670,291,5001,5007,5018,5024,5030)
(12034,291,5032,5043,5054)
(11758,293,5005,5011,5017,5028,5039,5050)
(10782,295,5056,5051,5040,5029,5024,5019)
(11686,296,5001,5007,5018,5024,5030,5036,5042)
(10707,296,5032,5026,5025,5024,5018,5007,5001)
(11844,298,5050,5039,5028,5017,5011,5005)
(10204,301,5007,5018,5029)
(11984,301,5054,5043,5032,5026,5025,5024,5023,5017,5011,5005)
(10137,302,5027,5016,5005)
(10696,303,5032,5043,5054)
(10205,304,5050,5039,5028)
(10865,305,5053,5042,5036,5030,5024,5023,5017,5011)
(11789,306,5042,5036,5030,5024,5023,5017,5011,5005)
(11455,307,5022,5023,5024,5030,5036,5042,5053)
(10273,308,5027,5016,5005)
(11421,309,5006,5017,5028,5039)
(10271,313,5018,5029,5040,5051,5056)
(11344,314,5005,5011,5017,5028,5039)
(10641,316,5041,5030,5024,5023,5017,5011)
(11453,317,5027,5016,5005)
(10145,317,5030,5036,5042,5053)
(11301,317,5030,5024,5023,5017,5011,5005)
(10589,318,5030,5019,5008)
(11520,318,5022,5023,5024,5025,5026,5032,5043,5054)
(10622,319,5007,5018,5024,5030,5036)
(10794,320,5054,5043,5032,5026,5025,5024,5018)
(10428,321,5043,5032,5021,5015)
(11650,323,5039,5028,5017,5011)
(10227,325,5018,5024,5030,5036,5042,5053)
(10191,326,5053,5048,5043,5032,5021)
(10736,328,5001,5007,5018,5024,5030,5036,5042)
(10807,331,5056,5051,5040,5029,5024,5019)
(10000,332,5017,5028,5039,5050)
(11095,333,5030,5036,5042,5053)
(11505,334,5032,5021,5010,5004)
(10489,335,5041,5030,5024,5023,5017,5011,5005)
(11937,336,5008,5019,5030)
(10451,338,5050,5039,5028,5022)
(11204,340,5039,5028,5023,5024,5019,5008,5003)
(11702,340,5028,5017,5011,5005)
(11026,342,5005,5011,5017,5023,5024,5025,5026,5032,5043)
(10784,344,5048,5043,5032,5021,5010,5004)
(11365,345,5040,5029,5018,5007)
(11190,346,5055,5056,5051,5040,5029,5024,5025,5026,5021)
(11763,346,5039,5028,5023,5024,5019,5008)
(10445,348,5017,5028,5039,5050)
(11155,350,5049,5038,5027)
(10855,351,5021,5026,5025,5030,5041,5052)
(11396,351,5027,5038,5049)
(11069,351,5001,5007,5018,5029,5040)
(10456,353,5042,5036,5030,5024,5023,5017)
(11896,354,5005,5011,5017,5023,5029)
(10822,354,5054,5043,5032,5026,5025,5024,5018,5007)
(10126,354,5043,5032,5021)
(11385,356,5021,5032,5043)
(10463,356,5027,5016,5005)
(11053,357,5023,5029,5040,5051)
(11073,358,5055,5056,5051,5040,5029,5024,5019)
(11398,358,5022,5023,5024,5030,5036,5042,5053)
(10724,359,5043,5032,5026,5025,5024,5023,5017,5011,5005)
(10464,359,5040,5029,5018)
(11149,361,5051,5040,5029,5023,5017,5011)
(10496,361,5021,5032,5043,5054)
(11911,363,5023,5024,5030,5041,5052)
(10593,364,5001,5007,5018,5029)
(11807,365,5024,5030,5041,5052)
(10758,366,5054,5043,5032,5026,5025,5024,5023,5017,5011)
(10952,366,5029,5023,5017,5011,5005)
(11219,367,5041,5030,5019,5008,5003)
(10574,367,5041,5030,5024,5018,5007,5001)
(11714,368,5028,5017,5011,5005)
(11045,372,5054,5043,5032,5026,5025)
(11749,374,5056,5051,5040,5029,5024,5025,5026,5021)
(10931,374,5027,5016,5005)
(11435,375,5008,5019,5030)
(11224,375,5052,5041,5030,5024,5023,5022)
(10558,376,5028,5039,5050)
(11700,377,5024,5025,5026,5032,5043,5054)
(11391,377,5018,5029,5040,5051,5056)
(10651,377,5022,5023,5024,5030,5036,5042,5053)
(10594,378,5023,5024,5030,5036,5042,5053)
(11562,380,5022,5023,5029,5040,5051)
(11986,381,5055,5056,5051,5040,5029,5024,5019,5008)
(11672,381,5048,5043,5032,5021,5010)
(11119,382,5021,5032,5043,5054)
(11274,382,5004,5003,5008,5019,5024,5029,5040,5051,5056)
(11373,383,5041,5030,5024,5018,5007,5001)
(11186,383,5030,5024,5018,5007)
(10612,384,5019,5030,5036,5042,5053)
(10810,384,5017,5023,5029,5040,5051)
(10601,385,5038,5027,5016,5005)
(10904,386,5011,5017,5028,5039,5050)
(11250,387,5026,5032,5043,5054)
(10885,388,5055,5056,5051,5040,5029,5024,5019,5014)
(10841,388,5030,5041,5052)
(10907,389,5029,5018,5007,5001)
(11731,390,5029,5023,5017,5011,5005)
(11011,393,5032,5021,5010)
(11174,395,5022,5023,5024,5030,5036,5042,5053)
(10695,395,5054,5043,5032,5026,5025,5024,5023,5017)
(11419,397,5056,5051,5040,5029,5024,5019,5008,5003)
(10720,398,5054,5043,5032,5021,5010,5004,5003)
(10508,398,5031,5042,5053)
(10710,400,5042,5036,5030,5024,5018,5007,5001)
(11809,402,5056,5051,5040,5029,5024,5019)
(10499,403,5010,5021,5032,5043,5048,5053)
(11534,405,5054,5043,5032,5021,5015)
(10694,405,5007,5018,5029)
(10973,405,5048,5043,5032,5021,5015)
(10970,407,5053,5042,5036,5030,5024,5023,5022)
(11618,410,5032,5021,5010,5004,5003)
(11376,410,5032,5043,5054)
(10689,410,5005,5016,5027)
(10876,412,5027,5016,5005)
(10690,414,5055,5056,5051,5040,5029,5024,5025,5026,5021)
(10797,414,5024,5030,5036,5042,5053)
(10966,414,5003,5008,5019,5024,5029,5040,5051,5056,5055)
(10579,415,5030,5036,5042,5053)
(11478,415,5010,5021,5032,5043,5054)
(11830,416,5051,5040,5029,5024,5019,5008,5003)
(10330,419,5011,5017,5023,5024,5030,5036,5042,5053)
(11185,421,5011,5017,5023,5024,5030,5041,5052)
(10183,421,5052,5041,5030,5024,5023,5017)
(11448,422,5005,5011,5017,5023,5024,5030,5036,5042,5053)
(11901,423,5007,5018,5024,5025,5026,5032,5043)
(10023,424,5005,5016,5027,5038)
(11347,425,5036,5030,5024,5023,5017,5011,5005)
(11221,426,5023,5024,5025,5026,5032,5043,5054)
(10248,426,5008,5019,5024,5029,5040)
(11854,428,5006,5017,5028,5039)
(11545,429,5017,5023,5024,5030,5036,5042)
(11888,429,5020,5031,5042)
(11951,429,5056,5051,5040,5029,5018)
(10008,430,5039,5028,5017,5011,5005)
(11433,431,5040,5029,5023,5017,5011)
(11462,432,5038,5027,5022,5023,5024,5019,5008)
(10613,432,5030,5041,5052)
(10502,433,5030,5036,5042,5053)
(10061,433,5032,5043,5054)
(10195,435,5050,5039,5028,5017,5011,5005)
(11499,435,5023,5024,5025,5026,5032,5043,5054)
(11442,436,5021,5032,5043)
(10790,436,5036,5030,5019,5008)
(11020,437,5030,5041,5052)
(11940,437,5036,5030,5019,5008)
(10285,438,5054,5043,5032)
(11900,439,5052,5041,5030,5024,5023,5017)
(10093,440,5053,5042,5036,5030,5024,5023)
(10717,440,5043,5032,5021)
(11010,440,5017,5023,5024,5025,5026,5032,5043,5054)
(11563,441,5039,5028,5017)
(11736,441,5053,5042,5036,5030,5024,5023,5017,5011)
(10997,444,5017,5023,5024,5025,5026,5032,5043)
(11277,444,5024,5030,5041,5052)
(10293,446,5030,5036,5042,5053)
(10291,446,5017,5023,5029,5040,5051)
(10178,447,5055,5056,5051,5040,5029,5024,5025,5026,5021)
(10212,449,5004,5010,5021,5032)
(11346,450,5055,5050,5039,5028,5017)
(10206,450,5055,5056,5051,5040,5029,5024,5025,5026,5021)
(10556,451,5015,5021,5032,5043)
(10101,452,5018,5029,5040,5051)
(11953,453,5052,5041,5030,5024,5018,5007,5001)
(10100,453,5038,5027,5022,5023,5024,5019,5008,5003)
(10102,455,5043,5032,5026,5025,5024,5018)
(10166,456,5036,5030,5019,5008,5003)
(10157,456,5043,5032,5026,5025,5024,5018)
(11996,457,5001,5007,5018,5024,5025,5026,5032,5043)
(11853,457,5048,5043,5032,5021,5010,5004)
(10176,458,5041,5030,5019,5008,5003,5004)
(11088,459,5024,5025,5026,5032,5043,5054)
(10654,461,5028,5017,5011,5005)
(11892,463,5052,5041,5030,5019)
(10094,463,5053,5042,5036,5030,5024)
(10018,464,5022,5028,5039,5050)
(11704,465,5054,5043,5032,5026,5025,5024,5023,5017)
(10815,465,5006,5017,5028,5039,5050,5055)
(11096,466,5009,5020,5031)
(12038,469,5005,5011,5017,5023,5024,5030,5041)
(11230,474,5032,5026,5025,5024,5018,5007)
(11820,475,5022,5023,5024,5025,5026,5032,5043,5054)
(11590,477,5005,5011,5017,5023,5024,5030,5036,5042)
(10123,478,5054,5043,5032,5026,5025,5024,5023)
(10342,478,5043,5032,5021,5010,5004)
(10298,479,5054,5043,5032,5021,5010)
(11608,481,5039,5028,5017,5011)
(10988,481,5019,5030,5036,5042)
(11958,482,5017,5023,5029,5040)
(11667,484,5030,5036,5042,5053)
(11226,485,5054,5043,5032,5026,5025,5024,5023,5017,5011,5005)
(11551,488,5032,5021,5010,5004,5003)
(11965,488,5021,5026,5025,5024,5029,5040,5051,5056,5055)
(10658,489,5021,5026,5025,5024,5029,5040,5051,5056)
(10289,490,5025,5026,5032,5043,5054)
(11800,490,5004,5010,5021,5032,5043,5048)
(11222,491,5011,5017,5023,5024,5030,5041)
(10925,493,5024,5030,5036,5042,5053)
(10146,493,5052,5041,5030,5019,5014)
(11533,494,5054,5043,5032,5026,5025)
(10277,494,5007,5018,5024,5025,5026,5032)
(11722,496,5042,5036,5030,5019)
(10106,497,5018,5024,5030,5041,5052)
(11353,499,5021,5026,5025,5024,5029,5040,5051)
(11320,499,5054,5043,5032,5021,5010)
(10911,500,5005,5011,5017,5023,5024,5025,5026,5032,5043,5054)
(11556,500,5054,5043,5032,5021,5015)
(10564,500,5050,5039,5028)
(10107,502,5030,5036,5042,5053)
(11570,508,5050,5039,5028,5017,5006)
(11976,509,5043,5032,5026,5025,5024,5018)
(11609,509,5007,5018,5024,5025,5026,5032)
(10645,510,5055,5056,5051,5040,5029,5024,5025,5026,5021)
(11785,512,5020,5025,5024,5029,5040,5051)
(10838,513,5005,5011,5017,5023,5024,5030,5036,5042,5053)
(10842,514,5016,5027,5038,5049)
(10380,516,5020,5031,5042,5053)
(10454,517,5055,5050,5039,5028,5017,5006)
(10839,518,5054,5043,5032,5026)
(10896,519,5005,5016,5027)
(10226,519,5028,5039,5050)
(10230,522,5023,5029,5040,5051)
(10881,523,5017,5023,5024,5030,5041,5052)
(11793,523,5036,5030,5024,5018,5007,5001)
(10056,525,5007,5018,5024,5025,5026,5032)
(10231,528,5027,5016,5005)
(11413,528,5053,5042,5036,5030,5024,5023,5022)
(11873,529,5007,5018,5024,5030,5036,5042,5053)
(11928,529,5019,5030,5041)
(11814,531,5052,5041,5030,5024,5018,5007,5001)
(11194,532,5003,5008,5019,5024,5029,5040)
(10282,532,5043,5032,5021,5010)
(11579,532,5011,5017,5023,5024,5025,5026,5032,5043)
(11813,533,5056,5051,5040,5029,5018,5007)
(11182,533,5038,5027,5016)
(11991,534,5018,5024,5030,5036,5042,5053)
(11649,534,5015,5021,5032,5043,5054)
(10739,535,5026,5032,5043,5054)
(10537,536,5042,5036,5030,5024,5023,5017,5011)
(11147,538,5004,5010,5021,5032,5043,5048)
(11125,538,5032,5043,5054)
(10031,539,5024,5030,5036,5042,5053)
(11727,541,5038,5027,5022,5023,5024,5019,5008)
(12002,551,5027,5016,5005)
(10329,554,5007,5018,5024,5025,5026,5032,5043)
(10352,556,5038,5027,5022,5023,5024,5019,5008,5003)
(11012,557,5056,5051,5040,5029,5018)
(11870,557,5025,5026,5032,5043,5054)
(10608,558,5019,5030,5036,5042,5053)
(10011,558,5019,5024,5029,5040,5051,5056,5055)
(11616,558,5019,5024,5029,5040,5051,5056,5055)
(10667,558,5030,5024,5018,5007,5001)
(11063,559,5032,5021,5010,5004)
(10830,560,5023,5024,5030,5041,5052)
(10936,560,5007,5018,5024,5030)
(11818,560,5043,5032,5021,5010,5004,5003)
(11225,561,5028,5017,5011,5005)
(10509,561,5022,5023,5024,5030,5036,5042,5053)
(11177,561,5054,5043,5032,5026,5025,5024,5023,5017,5011,5005)
(11129,565,5027,5016,5005)
(11713,565,5052,5041,5030,5024,5018)
(10071,567,5025,5026,5032,5043,5054)
(10699,568,5017,5023,5024,5030,5041,5052)
(11733,569,5021,5026,5025,5030,5041,5052)
(10276,572,5018,5029,5040)
(11975,572,5042,5036,5030,5024,5023,5017)
(11368,573,5004,5003,5008,5019,5024,5029,5040)
(10730,575,5038,5027,5022,5023,5024,5019,5008)
(11519,576,5023,5024,5025,5026,5032,5043,5054)
(11913,576,5003,5008,5019,5024,5029,5040,5051)
(11857,578,5003,5008,5019,5030,5041,5052)
(10879,578,5030,5036,5042,5053)
(11094,581,5008,5019,5030,5041,5052)
(10858,581,5018,5024,5030,5036,5042)
(10735,581,5029,5018,5007,5001)
(10633,583,5005,5011,5017,5023,5024,5030,5041,5052)
(10862,583,5007,5018,5024,5030,5041,5052)
(11592,585,5040,5029,5024,5019,5008,5003)
(11494,586,5006,5017,5028)
(11683,587,5021,5032,5043,5048,5053)
(11687,590,5008,5019,5030)
(10208,591,5039,5028,5017)
(10913,592,5028,5017,5011,5005)
(10015,592,5016,5027,5038)
(11118,592,5039,5028,5017,5011)
(11945,593,5018,5024,5025,5026,5032,5043,5054)
(11810,593,5028,5017,5006)
(11850,593,5032,5043,5054)
(10010,595,5040,5029,5024,5019,5008)
(11399,598,5003,5008,5019,5024,5029,5040,5051)
(10242,600,5027,5016,5005)
(10197,602,5021,5026,5025,5030,5041,5052)
(11501,603,5016,5027,5038)
(10256,605,5029,5018,5007,5001)
(11332,607,5029,5018,5007)
(11889,608,5054,5043,5032,5026,5025,5024,5023,5017)
(11515,610,5027,5038,5049)
(11393,611,5017,5023,5029,5040,5051)
(11944,612,5029,5018,5007,5001)
(11425,612,5039,5028,5017,5011)
(10638,612,5040,5029,5018,5007,5001)
(10639,612,5029,5023,5017,5011,5005)
(11566,613,5027,5016,5005)
(10828,616,5041,5030,5024,5018,5007)
(11447,618,5018,5024,5030,5041)
(10762,618,5053,5042,5031)
(10919,620,5030,5024,5023,5017,5011,5005)
(11776,621,5051,5040,5029,5024,5019,5014)
(10376,621,5028,5039,5050)
(11459,623,5042,5036,5030,5019)
(11839,623,5027,5016,5005)
(11195,624,5041,5030,5024,5023,5017,5011,5005)
(10065,624,5005,5016,5027,5038,5049)
(11718,624,5032,5043,5054)
(10425,627,5007,5018,5024,5025,5026,5032,5043,5054)
(10368,627,5023,5029,5040,5051)
(10974,628,5003,5004,5010,5021,5032)
(10080,631,5039,5028,5017,5011,5005)
(11050,633,5041,5030,5024,5023,5017,5011,5005)
(11876,634,5007,5018,5029,5040)
(10741,635,5018,5029,5040)
(10757,635,5028,5017,5006)
(11506,636,5021,5032,5043)
(11968,638,5031,5042,5053)
(11967,639,5031,5042,5053)
(11690,641,5018,5024,5030,5041)
(11525,642,5032,5043,5054)
(10956,643,5027,5016,5005)
(10946,643,5005,5011,5017,5023,5024,5030,5036,5042,5053)
(11640,647,5038,5027,5022,5017,5006)
(11862,647,5007,5018,5029)
(10759,650,5019,5025,5026,5032,5043,5054)
(10028,652,5052,5041,5030,5024)
(11631,652,5028,5017,5006)
(11164,653,5003,5008,5019,5024,5023,5028,5039)
(10407,654,5051,5040,5029,5024,5019)
(11427,658,5030,5024,5018,5007)
(10443,658,5039,5028,5017,5011)
(10027,658,5011,5017,5023,5024,5030,5041,5052)
(10448,660,5056,5051,5040,5029,5018)
(11153,660,5030,5041,5052)
(11452,661,5039,5028,5023,5024,5019,5008,5003)
(11614,662,5005,5011,5017,5023,5029)
(11454,662,5032,5043,5054)
(11489,664,5018,5029,5040)
(11653,664,5040,5029,5023,5017,5011,5005)
(11865,665,5032,5043,5054)
(10199,666,5019,5030,5036,5042,5053)
(11745,667,5018,5029,5040)
(11102,667,5051,5040,5029,5023,5017,5011)
(11657,668,5004,5003,5008,5019,5024,5029,5040)
(10471,668,5038,5027,5016,5005)
(11336,670,5018,5029,5040)
(11372,671,5019,5025,5026,5032,5043)
(10296,671,5038,5027,5022,5023,5024,5019,5008)
(11340,672,5039,5028,5023,5018,5007)
(10319,672,5039,5028,5023,5024,5019,5008,5003,5004)
(10315,672,5041,5030,5024,5023,5017,5011,5005)
(10048,672,5030,5041,5052)
(11366,672,5007,5018,5029,5040,5051)
(11472,672,5018,5024,5030,5041)
(10324,673,5005,5011,5017,5023,5024,5025,5026,5032,5043,5054)
(10249,674,5019,5025,5026,5032,5043)
(10110,675,5055,5056,5051,5040,5029,5024,5019,5008,5003,5004)
(10742,675,5030,5036,5042,5053)
(11043,676,5021,5032,5043,5048,5053)
(10770,677,5019,5024,5029,5040,5051,5056)
(11218,678,5017,5023,5024,5030,5041)
(11564,678,5053,5042,5031)
(10135,679,5051,5040,5029,5024,5019)
(11379,681,5007,5018,5029)
(11429,681,5036,5030,5024,5018,5007)
(10990,682,5039,5028,5023,5024,5019,5008,5003)
(10965,682,5024,5030,5036,5042,5053)
(10575,682,5055,5056,5051,5040,5029,5024,5019)
(11769,683,5021,5032,5043,5048,5053)
(10139,683,5004,5003,5008,5019,5024,5023,5022,5027,5038)
(10534,687,5027,5016,5005)
(12025,688,5050,5039,5028)
(10473,688,5028,5017,5006)
(11009,689,5023,5024,5030,5041,5052)
(11271,691,5040,5029,5018,5007,5001)
(12003,692,5015,5021,5032,5043,5054)
(11701,692,5008,5019,5030,5036)
(11630,693,5024,5030,5036,5042,5053)
(10761,693,5017,5023,5029,5040)
(10134,695,5018,5024,5030,5041,5052)
(10013,696,5005,5011,5017,5023,5024,5030,5036,5042)
(10933,696,5038,5027,5022,5023,5018,5007)
(10939,697,5056,5051,5040,5029,5024,5019)
(11880,697,5024,5030,5036,5042,5053)
(10030,698,5008,5019,5024,5029,5040)
(12037,699,5024,5030,5041,5052)
(11054,699,5050,5039,5028)
(11233,700,5055,5056,5051,5040,5029,5024,5019,5008)
(10032,700,5025,5026,5032,5043,5054)
(11675,701,5008,5019,5024,5023,5028,5039)
(11990,702,5040,5029,5023,5017,5011,5005)
(10683,702,5007,5018,5024,5025,5026,5032,5043)
(11028,703,5011,5017,5023,5024,5025,5026,5032,5043,5054)
(10686,703,5036,5030,5019,5008)
(10752,704,5005,5011,5017,5023,5024,5030,5041,5052)
(10765,706,5036,5030,5019,5008,5003)
(12022,707,5041,5030,5019,5008,5003)
(10665,707,5018,5024,5025,5026,5032,5043)
(11264,708,5038,5027,5022,5017,5006)
(11171,708,5042,5036,5030,5024,5023,5017,5011)
(10203,709,5005,5011,5017,5023,5024,5025,5026,5032)
(11899,710,5030,5036,5042,5053)
(12010,711,5011,5017,5028,5039)
(11964,712,5011,5017,5023,5029,5040,5051)
(10928,714,5051,5040,5029,5023,5017)
(11341,716,5040,5029,5018,5007)
(11261,716,5055,5056,5051,5040,5029,5024,5019,5008,5003)
(11065,716,5027,5016,5005)
(11384,716,5032,5043,5054)
(10983,718,5007,5018,5029,5040,5051,5056)
(10825,718,5042,5036,5030,5024,5018,5007,5001)
(10446,718,5042,5036,5030,5024,5023,5017)
(11961,719,5050,5039,5028,5017,5011)
(10791,721,5039,5028,5023,5024,5019,5008,5003)
(11217,722,5041,5030,5024,5023,5017)
(10453,723,5042,5036,5030,5024,5023,5017,5011)
(11927,723,5001,5007,5018,5024,5030,5041)
(11939,725,5008,5019,5030,5036,5042,5053)
(10796,725,5053,5042,5036,5030,5024,5023,5017,5011,5005)
(10512,726,5018,5024,5025,5026,5032,5043,5054)
(10954,727,5030,5041,5052)
(11123,728,5030,5041,5052)
(11360,729,5029,5018,5007)
(11719,730,5039,5028,5017,5011,5005)
(11004,730,5032,5043,5054)
(10470,732,5030,5024,5018,5007)
(10957,732,5004,5003,5008,5019,5024,5029,5040,5051,5056,5055)
(11993,733,5050,5039,5028,5017)
(10187,734,5051,5040,5029)
(11931,735,5052,5041,5030,5024,5023,5017,5011)
(11641,737,5051,5040,5029,5018,5007,5001)
(10940,738,5030,5036,5042,5053)
(10914,738,5028,5017,5006)
(10986,739,5054,5043,5032,5026,5025,5024,5023,5017,5011,5005)
(11871,739,5029,5023,5017,5011,5005)
(10159,740,5022,5023,5029,5040,5051)
(10432,741,5018,5029,5040)
(11159,742,5007,5018,5029)
(10908,742,5051,5040,5029,5024,5019)
(10111,743,5027,5016,5005)
(11260,744,5017,5023,5024,5030,5036,5042)
(11162,744,5007,5018,5029)
(11591,746,5032,5043,5054)
(11188,746,5001,5007,5018,5024,5025,5026,5032,5043)
(10621,747,5049,5038,5027)
(10832,747,5055,5056,5051,5040,5029,5024,5019,5008,5003,5004)
(11981,747,5056,5051,5040,5029,5024,5019,5008)
(11014,747,5007,5018,5024,5030)
(10322,748,5007,5018,5023,5028,5039)
(10921,749,5055,5056,5051,5040,5029,5024,5019,5008)
(11582,749,5011,5017,5023,5029,5040,5051)
(10560,751,5008,5019,5030,5041,5052)
(11581,751,5023,5029,5040,5051)
(11856,753,5040,5029,5018,5007)
(10311,753,5019,5030,5041)
(10307,754,5042,5036,5030,5019,5008)
(11787,755,5056,5051,5040,5029,5024,5025,5026,5021)
(10586,756,5040,5029,5024,5019,5008,5003)
(10587,757,5049,5038,5027,5016,5005)
(11747,757,5055,5056,5051,5040,5029,5024,5025,5026,5021)
(10303,758,5036,5030,5024,5018,5007)
(10584,759,5028,5017,5006)
(10295,759,5040,5029,5024,5019,5008,5003,5004)
(11971,759,5030,5019,5008)
(11994,761,5052,5041,5030,5024,5023,5017,5011,5005)
(11394,761,5005,5011,5017,5023,5024,5030,5036,5042)
(11531,762,5028,5039,5050)
(10323,762,5036,5030,5024,5023,5017,5011,5005)
(10628,763,5003,5008,5019,5024,5029,5040)
(11524,764,5041,5030,5024,5018,5007,5001)
(11234,765,5021,5032,5043,5048,5053)
(12006,765,5021,5032,5043,5054)
(11079,765,5040,5029,5023,5017,5011)
(10598,766,5022,5028,5039,5050)
(11513,766,5032,5043,5054)
(11077,767,5031,5042,5053)
(12042,769,5007,5018,5024,5030)
(10656,770,5039,5028,5017)
(10259,770,5027,5016,5005)
(10258,771,5039,5028,5023,5018,5007)
(11712,772,5024,5030,5041,5052)
(11492,773,5032,5021,5010,5004)
(10505,774,5008,5019,5024,5029,5040,5051,5056)
(10415,775,5030,5019,5008)
(11693,776,5018,5029,5040,5051,5056,5055)
(10447,777,5028,5017,5011,5005)
(11663,779,5018,5024,5025,5026,5032,5043,5054)
(11946,779,5028,5017,5006)
(10462,780,5028,5017,5006)
(11730,781,5030,5041,5052)
(10480,782,5048,5043,5032,5021,5010)
(11093,784,5032,5043,5054)
(11183,784,5043,5032,5026,5025,5019)
(10492,785,5019,5030,5041)
(10365,787,5029,5018,5007,5001)
(10213,788,5005,5011,5017,5023,5029,5040,5051)
(10350,789,5006,5017,5028,5039,5050)
(10340,790,5054,5043,5032,5026,5025,5024,5023,5017,5011,5005)
(10495,791,5022,5023,5029,5040,5051)
(10006,791,5008,5019,5030,5036,5042)
(10521,795,5036,5030,5019,5008,5003)
(11619,795,5028,5039,5050)
(10533,797,5006,5017,5022,5027,5038)
(12001,797,5021,5026,5025,5024,5029,5040,5051,5056)
(11297,798,5019,5024,5029,5040,5051)
(10977,799,5019,5030,5041)
(10325,799,5051,5040,5029,5023,5017,5011)
(10554,800,5038,5027,5022,5017,5006)
(10682,802,5042,5036,5030,5024,5018)
(11294,802,5028,5017,5006)
(10709,802,5001,5007,5018,5029)
(11127,803,5036,5030,5024,5023,5017,5011,5005)
(11434,803,5032,5043,5054)
(11432,804,5006,5017,5028,5039,5050,5055)
(10723,807,5023,5024,5030,5036,5042,5053)
(11837,808,5029,5023,5017,5011,5005)
(10219,810,5004,5003,5008,5019,5024,5029,5040,5051,5056,5055)
(11444,810,5042,5036,5030,5024,5018,5007,5001)
(10675,811,5030,5036,5042,5053)
(10064,812,5015,5021,5032,5043)
(11400,813,5017,5023,5024,5025,5026,5032,5043)
(11597,814,5029,5018,5007,5001)
(11232,814,5019,5030,5036,5042)
(10568,816,5052,5041,5030,5019,5008,5003,5004)
(10481,817,5028,5017,5006)
(11621,818,5005,5011,5017,5023,5029)
(11950,820,5040,5029,5018)
(11106,821,5043,5032,5026,5025,5024,5018,5007,5001)
(10572,822,5022,5028,5039,5050)
(10731,822,5032,5043,5054)
(10234,823,5003,5004,5010,5021,5032)
(10938,823,5028,5017,5006)
(11135,824,5017,5028,5039)
(11201,825,5036,5030,5024,5018,5007)
(12013,825,5051,5040,5029,5024,5019,5014)
(10059,826,5022,5023,5029,5040,5051)
(11281,827,5042,5036,5030,5024,5018,5007)
(11486,829,5038,5027,5016)
(10737,830,5006,5017,5028)
(10057,832,5041,5030,5019)
(11189,834,5011,5017,5023,5024,5030,5041)
(10995,834,5028,5017,5011,5005)
(11052,835,5029,5018,5007)
(10478,837,5020,5031,5042)
(11915,837,5051,5040,5029,5023,5017)
(11784,839,5032,5043,5054)
(10310,840,5028,5039,5050)
(10576,844,5038,5027,5022,5023,5024,5019,5008)
(11831,845,5042,5036,5030,5024,5018,5007,5001)
(10362,845,5041,5030,5019,5008)
(11479,847,5021,5032,5043)
(10086,848,5032,5021,5010)
(11594,849,5053,5042,5036,5030,5024,5018)
(11903,850,5051,5040,5029,5024,5019)
(10223,851,5043,5032,5026,5025,5024,5018,5007)
(11259,852,5052,5041,5030,5024,5023,5017,5011)
(10522,854,5029,5018,5007,5001)
(11742,854,5042,5036,5030,5024,5018,5007)
(11112,856,5020,5025,5024,5029,5040,5051,5056)
(11740,857,5052,5041,5030,5024,5023)
(11213,858,5026,5032,5043,5054)
(11979,859,5017,5023,5029,5040,5051)
(10361,860,5017,5023,5024,5030,5036,5042,5053)
(10501,861,5032,5021,5010)
(11210,862,5010,5021,5032,5043)
(10535,863,5026,5032,5043,5054)
(10711,864,5015,5021,5032,5043)
(11633,865,5041,5030,5019)
(10706,866,5043,5032,5021,5010,5004,5003)
(11441,868,5005,5016,5027,5038)
(11577,868,5051,5040,5029,5024,5019)
(11596,869,5016,5027,5038)
(10493,870,5005,5011,5017,5023,5024,5025,5026,5032)
(11720,870,5019,5030,5036,5042,5053)
(11773,872,5039,5028,5023,5024,5019,5008,5003)
(10333,875,5026,5032,5043,5054)
(10494,876,5003,5008,5019,5024,5029,5040,5051)
(10715,878,5053,5042,5036,5030,5024,5023,5017)
(11955,878,5043,5032,5026,5025,5024,5018,5007)
(11411,879,5027,5016,5005)
(11973,880,5027,5016,5005)
(10268,880,5008,5019,5030,5041,5052)
(11977,881,5022,5023,5024,5030,5036,5042,5053)
(11279,882,5043,5032,5026,5025,5024,5023,5017,5011,5005)
(10826,883,5004,5003,5008,5019,5030,5041,5052)
(10433,884,5030,5024,5018,5007,5001)
(10979,885,5054,5043,5032)
(10833,886,5024,5025,5026,5032,5043,5054)
(10727,886,5055,5056,5051,5040,5029,5018)
(10180,890,5029,5023,5017,5011,5005)
(11864,891,5038,5027,5016)
(10642,891,5052,5041,5030,5024,5018,5007,5001)
(10547,892,5036,5030,5019,5008,5003)
(10250,893,5055,5056,5051,5040,5029,5024,5025,5026,5021)
(11529,894,5018,5024,5025,5026,5032,5043,5054)
(11405,894,5038,5027,5022,5023,5024,5019,5008,5003,5004)
(11615,895,5028,5017,5006)
(11637,895,5008,5019,5024,5023,5028,5039)
(11387,895,5049,5038,5027)
(10040,896,5019,5024,5029,5040,5051,5056)
(10852,898,5040,5029,5018,5007,5001)
(11762,898,5021,5026,5025,5024,5029,5040,5051,5056,5055)
(10418,900,5041,5030,5024,5023,5017,5011,5005)
(11791,900,5042,5036,5030,5024,5023,5017)
(10673,902,5023,5024,5030,5036,5042,5053)
(11369,907,5032,5026,5025,5024,5018,5007)
(10666,907,5024,5025,5026,5032,5043,5054)
(11627,910,5043,5032,5026,5025,5024,5018,5007)
(11326,910,5051,5040,5029)
(11645,912,5019,5024,5029,5040,5051,5056,5055)
(10819,912,5005,5011,5017,5028,5039)
(11832,914,5005,5011,5017,5023,5024,5030,5041,5052)
(10821,914,5032,5026,5025,5024,5018,5007)
(10147,917,5020,5031,5042,5053)
(11963,918,5019,5030,5036,5042)
(11055,918,5053,5042,5036,5030,5019,5008)
(10610,919,5032,5026,5025,5024,5023,5017,5011,5005)
(11120,919,5052,5041,5030,5024,5023,5017)
(11685,920,5011,5017,5023,5029,5040)
(10614,921,5048,5043,5032,5021,5010,5004)
(11289,922,5026,5032,5043,5054)
(11511,923,5011,5017,5023,5029,5040,5051)
(11031,923,5052,5041,5030,5024)
(11296,924,5023,5024,5030,5041,5052)
(10401,926,5053,5042,5036,5030,5024)
(11428,927,5018,5024,5030,5041)
(11496,928,5027,5016,5005)
(10184,928,5040,5029,5023,5017,5011)
(11828,929,5022,5023,5024,5030,5036,5042,5053)
(10889,929,5036,5030,5024,5023,5017,5011,5005)
(11313,930,5053,5042,5036,5030,5024)
(10036,937,5038,5027,5022,5023,5024,5019,5008)
(11008,938,5025,5026,5032,5043,5054)
(11708,938,5053,5048,5043,5032,5021,5010,5004)
(10410,939,5039,5028,5023,5024,5019,5008,5003)
(11018,939,5052,5041,5030,5019,5008,5003)
(10012,941,5022,5023,5029,5040,5051)
(10262,942,5021,5032,5043,5048,5053)
(10969,943,5051,5040,5029,5023,5017,5011)
(10384,944,5023,5029,5040,5051)
(11665,946,5005,5016,5027)
(11002,946,5032,5021,5010)
(11949,946,5030,5024,5023,5017,5011,5005)
(10211,948,5041,5030,5019,5008,5003,5004)
(11647,948,5029,5018,5007)
(11439,951,5007,5018,5029)
(11498,952,5021,5026,5025,5024,5029,5040,5051,5056)
(11705,954,5053,5048,5043,5032,5021,5010,5004)
(11648,955,5042,5036,5030,5024,5023,5017,5011,5005)
(11688,955,5021,5026,5025,5024,5029,5040,5051,5056)
(11988,957,5001,5007,5018,5024,5030,5041)
(11024,957,5027,5038,5049)
(10600,959,5021,5026,5025,5024,5029,5040,5051,5056)
(11420,959,5016,5027,5038)
(10038,961,5021,5026,5025,5024,5029,5040,5051,5056,5055)
(11540,961,5011,5017,5023,5024,5030,5041,5052)
(11775,962,5019,5030,5036,5042)
(10398,964,5036,5030,5019,5008)
(11456,966,5029,5023,5017,5011,5005)
(11236,966,5036,5030,5019,5008,5003)
(11375,966,5038,5027,5016)
(10434,966,5054,5043,5032,5026,5025,5024,5018)
(10005,967,5001,5007,5018,5024,5030,5036,5042,5053)
(11695,968,5042,5036,5030,5024,5023,5017,5011,5005)
(11788,968,5024,5030,5041,5052)
(10292,969,5054,5043,5032,5026,5025,5024,5018)
(11126,971,5026,5032,5043,5054)
(10626,972,5020,5031,5042)
(11023,974,5019,5030,5041)
(11921,975,5032,5043,5054)
(11947,975,5030,5036,5042,5053)
(10245,976,5056,5051,5040,5029,5024,5019,5008)
(10283,976,5022,5028,5039,5050)
(11661,978,5022,5023,5029,5040,5051)
(11530,979,5041,5030,5024,5018,5007,5001)
(10871,981,5017,5023,5024,5030,5041)
(11029,981,5036,5030,5019,5008)
(11325,982,5052,5041,5030)
(11681,984,5054,5043,5032,5026)
(11550,984,5041,5030,5019)
(10932,985,5030,5019,5008)
(11288,986,5032,5021,5010,5004)
(11555,987,5006,5017,5028,5039,5050)
(11825,988,5032,5043,5054)
(10799,988,5029,5040,5051)
(11285,988,5043,5032,5026,5025,5024,5018,5007)
(10668,989,5020,5025,5024,5029,5040,5051,5056,5055)
(11523,989,5028,5017,5011,5005)
(11558,989,5053,5042,5036,5030,5019,5008)
(10129,990,5021,5026,5025,5024,5029,5040,5051,5056,5055)
(10171,990,5007,5018,5023,5028,5039)
(10168,991,5017,5028,5039,5050,5055)
(11307,993,5038,5027,5016)
(10800,994,5038,5027,5022,5023,5024,5019,5008,5003,5004)
(11482,994,5004,5010,5021,5032,5043,5054)
(10163,996,5053,5042,5036,5030,5019)
(11907,998,5026,5032,5043,5054)
(10266,999,5022,5028,5039,5050)
(12027,1000,5030,5019,5008)
(11910,1000,5029,5040,5051)
(11601,1002,5040,5029,5024,5019,5008)
(10326,1003,5051,5040,5029,5024,5019,5008,5003,5004)
(10987,1003,5043,5032,5021,5015)
(10567,1005,5018,5029,5040,5051,5056,5055)
(11354,1006,5052,5041,5030,5019)
(11698,1006,5028,5017,5011,5005)
(10705,1007,5023,5029,5040,5051)
(11586,1009,5028,5039,5050)
(11078,1009,5052,5041,5030,5024,5023,5017,5011)
(11066,1010,5023,5024,5030,5036,5042,5053)
(11729,1012,5023,5029,5040,5051)
(10543,1012,5039,5028,5023,5024,5019,5008,5003)
(10532,1014,5028,5017,5006)
(11161,1015,5056,5051,5040,5029,5024,5025,5026,5021)
(11005,1016,5019,5024,5029,5040,5051)
(11593,1016,5032,5021,5010)
(11509,1017,5029,5018,5007)
(11299,1018,5021,5032,5043,5048,5053)
(10520,1018,5032,5026,5025,5024,5023,5017,5011,5005)
(11085,1020,5051,5040,5029,5018,5007)
(10124,1024,5032,5043,5054)
(10355,1025,5054,5043,5032,5026,5025)
(10122,1026,5018,5024,5030,5041)
(11620,1026,5028,5039,5050)
(11768,1027,5004,5003,5008,5019,5024,5029,5040,5051,5056,5055)
(11898,1029,5051,5040,5029,5024,5019)
(10590,1030,5001,5007,5018,5024,5030,5041)
(10118,1030,5040,5029,5018)
(11843,1030,5005,5011,5017,5023,5029,5040,5051)
(10460,1031,5024,5030,5041,5052)
(11725,1032,5023,5024,5030,5036,5042,5053)
(10193,1033,5041,5030,5019)
(10901,1034,5029,5018,5007)
(11905,1035,5017,5028,5039,5050,5055)
(10025,1036,5030,5024,5018,5007)
(10853,1038,5030,5019,5008)
(11778,1038,5020,5031,5042)
(10001,1041,5018,5024,5030,5036,5042)
(11842,1041,5028,5039,5050)
(12029,1043,5032,5021,5010,5004)
(11423,1045,5010,5021,5032,5043,5048)
(11275,1045,5038,5027,5022,5023,5018,5007)
(11241,1047,5021,5026,5025,5024,5029,5040,5051,5056)
(11849,1048,5003,5008,5019,5030,5041)
(10637,1051,5030,5041,5052)
(11137,1051,5005,5011,5017,5023,5024,5030,5036,5042)
(11841,1052,5038,5027,5016,5005)
(11569,1056,5054,5043,5032)
(11468,1057,5019,5030,5036,5042)
(11508,1057,5041,5030,5024,5023,5017,5011,5005)
(11646,1057,5036,5030,5024,5023,5017,5011,5005)
(11797,1057,5003,5004,5010,5021,5032,5043,5054)
(10998,1058,5030,5024,5018,5007,5001)
(11765,1059,5003,5008,5019,5024,5029,5040)
(11679,1060,5055,5050,5039,5028,5017)
(11821,1060,5004,5003,5008,5019,5030,5041,5052)
(11845,1064,5043,5032,5021,5010,5004,5003)
(11450,1067,5054,5043,5032,5026,5025,5024,5023,5017,5011,5005)
(11656,1070,5041,5030,5024,5018,5007,5001)
(11866,1070,5018,5024,5030,5036,5042,5053)
(11692,1072,5041,5030,5024,5018,5007)
(11507,1072,5027,5016,5005)
(11682,1074,5030,5024,5018,5007)
(11985,1074,5009,5020,5031)
(11952,1076,5003,5008,5019,5030,5041)
(11553,1077,5028,5017,5006)
(12036,1077,5040,5029,5023,5017,5011)
(11156,1079,5031,5042,5053)
(11229,1080,5023,5024,5030,5041,5052)
(11318,1082,5015,5021,5032,5043)
(11408,1085,5039,5028,5023,5024,5019,5008,5003)
(11706,1086,5029,5018,5007,5001)
(11303,1086,5005,5011,5017,5023,5024,5030)
(11861,1087,5040,5029,5023,5017,5011)
(11388,1090,5050,5039,5028,5017)
(10959,1091,5007,5018,5029,5040,5051,5056,5055)
(11345,1091,5001,5007,5018,5029)
(11471,1092,5008,5019,5024,5029,5040,5051,5056,5055)
(10162,1092,5032,5043,5054)
(10337,1093,5054,5043,5032)
(10308,1095,5032,5026,5025,5024,5023,5017,5011,5005)
(10343,1096,5022,5023,5024,5030,5041,5052)
(12004,1096,5001,5007,5018,5024,5030,5036,5042)
(11783,1096,5039,5028,5017,5011,5005)
(10423,1099,5017,5023,5024,5030,5041)
(11039,1099,5023,5024,5030,5036,5042,5053)
(11305,1100,5005,5016,5027,5038)
(10369,1100,5001,5007,5018,5024,5030,5036)
(11912,1101,5030,5024,5018,5007,5001)
(10457,1101,5007,5018,5024,5030)
(11819,1101,5007,5018,5024,5025,5026,5032,5043,5054)
(11874,1101,5021,5026,5025,5030,5041,5052)
(11359,1103,5038,5027,5022,5023,5018,5007)
(10701,1103,5017,5023,5024,5030,5041,5052)
(11157,1103,5021,5026,5025,5024,5029,5040,5051)
(10693,1103,5048,5043,5032,5021,5010)
(10820,1104,5011,5017,5023,5024,5030,5036,5042,5053)
(11357,1104,5051,5040,5029,5023,5017,5011,5005)
(11607,1105,5017,5023,5024,5030,5041)
(11738,1106,5021,5032,5043,5048,5053)
(10691,1106,5041,5030,5024,5018,5007)
(10546,1107,5029,5018,5007,5001)
(11200,1107,5021,5032,5043,5054)
(10831,1107,5004,5003,5008,5019,5024,5029,5040)
(10414,1109,5017,5023,5029,5040)
(11181,1109,5008,5019,5024,5029,5040,5051,5056)
(11216,1111,5021,5032,5043,5054)
(10582,1112,5032,5043,5054)
(10444,1113,5041,5030,5019,5008,5003)
(11703,1113,5017,5023,5029,5040)
(10169,1114,5022,5023,5029,5040,5051)
(11426,1115,5039,5028,5017)
(10054,1116,5040,5029,5023,5017,5011)
(10788,1116,5040,5029,5018)
(11324,1117,5011,5017,5028,5039,5050)
(10884,1118,5007,5018,5029,5040)
(10349,1118,5032,5026,5025,5024,5018,5007,5001)
(10052,1119,5053,5042,5036,5030,5024,5023,5017)
(11457,1119,5019,5030,5041)
(10964,1119,5006,5017,5028,5039,5050)
(10488,1120,5049,5038,5027,5016,5005)
(10046,1122,5030,5041,5052)
(11016,1124,5053,5042,5036,5030)
(10978,1125,5055,5056,5051,5040,5029,5024,5019,5008,5003,5004)
(10960,1125,5052,5041,5030,5024)
(10623,1125,5021,5026,5025,5024,5029,5040,5051,5056,5055)
(10743,1126,5032,5043,5054)
(11272,1128,5055,5056,5051,5040,5029,5018)
(10164,1128,5003,5008,5019,5030,5041)
(10299,1128,5055,5056,5051,5040,5029,5018,5007)
(10861,1129,5025,5026,5032,5043,5054)
(10875,1130,5023,5024,5025,5026,5032,5043,5054)
(11790,1131,5055,5050,5039,5028,5017)
(10264,1131,5054,5043,5032,5021,5010,5004,5003)
(10524,1132,5041,5030,5024,5018,5007,5001)
(10131,1133,5020,5031,5042,5053)
(10331,1135,5008,5019,5030,5041,5052)
(10321,1136,5039,5028,5017)
(10016,1137,5041,5030,5024,5023,5017,5011)
(11362,1137,5043,5032,5021,5010,5004,5003)
(12007,1137,5023,5024,5025,5026,5032,5043,5054)
(11403,1138,5018,5024,5030,5036,5042,5053)
(10136,1138,5054,5043,5032,5021,5010)
(11034,1139,5017,5023,5024,5025,5026,5032,5043,5054)
(11409,1139,5056,5051,5040,5029,5024,5019,5014)
(11386,1141,5043,5032,5026,5025,5024,5018,5007)
(10883,1141,5029,5018,5007,5001)
(10888,1145,5040,5029,5024,5019,5008,5003)
(10679,1147,5007,5018,5023,5028,5039)
(11064,1147,5052,5041,5030,5024,5023,5022)
(10630,1148,5038,5027,5022,5023,5024,5019,5008,5003,5004)
(12044,1149,5018,5024,5025,5026,5032,5043,5054)
(10516,1150,5001,5007,5018,5024,5025,5026,5032,5043,5054)
(11644,1150,5019,5024,5029,5040,5051)
(11942,1151,5024,5030,5041,5052)
(10406,1151,5043,5032,5021)
(10868,1152,5025,5026,5032,5043,5054)
(10867,1152,5011,5017,5023,5024,5025,5026,5032,5043)
(11202,1155,5019,5030,5036,5042)
(11932,1156,5039,5028,5017)
(10125,1158,5040,5029,5018,5007,5001)
(11363,1159,5022,5023,5024,5030,5041,5052)
(10449,1160,5004,5010,5021,5032,5043,5048,5053)
(10119,1161,5020,5025,5024,5029,5040,5051)
(10581,1162,5026,5032,5043,5054)
(10573,1163,5026,5032,5043,5054)
(11215,1167,5041,5030,5024,5023,5017,5011)
(11512,1167,5051,5040,5029,5018,5007)
(10749,1168,5017,5028,5039,5050)
(10121,1168,5051,5040,5029,5018)
(10530,1169,5038,5027,5022,5023,5024,5019,5008,5003,5004)
(10066,1169,5052,5041,5030,5025,5026,5021)
(10542,1173,5053,5048,5043,5032,5021,5015)
(10845,1174,5029,5018,5007,5001)
(11382,1174,5019,5024,5029,5040,5051)
(10334,1175,5021,5032,5043)
(11767,1176,5020,5031,5042)
(10525,1177,5043,5032,5026,5025,5024,5023,5017)
(11816,1177,5029,5018,5007)
(11611,1178,5022,5028,5039,5050)
(10550,1179,5017,5023,5024,5030,5036,5042,5053)
(11334,1179,5041,5030,5019,5008,5003,5004)
(11539,1181,5040,5029,5018,5007,5001)
(11855,1182,5029,5023,5017,5011,5005)
(11083,1182,5008,5019,5024,5023,5028,5039)
(10910,1183,5055,5056,5051,5040,5029,5018,5007)
(10792,1186,5019,5030,5036,5042)
(10526,1188,5030,5041,5052)
(11957,1189,5010,5021,5032,5043,5048,5053)
(10880,1190,5031,5042,5053)
(11760,1192,5026,5032,5043,5054)
(11583,1192,5022,5023,5024,5030,5036,5042,5053)
(11771,1192,5004,5003,5008,5019,5030,5041)
(10142,1194,5038,5027,5022,5023,5018,5007)
(10817,1195,5054,5043,5032,5021,5015)
(11761,1195,5040,5029,5023,5017)
(10078,1195,5053,5042,5036,5030,5019,5008)
(11756,1196,5040,5029,5018,5007,5001)
(11782,1198,5052,5041,5030,5025,5026,5021)
(11151,1199,5049,5038,5027)
(10531,1199,5027,5016,5005)
(10714,1200,5030,5019,5008)
(11227,1201,5056,5051,5040,5029,5024,5019,5008,5003)
(11639,1201,5005,5011,5017,5028)
(10955,1202,5019,5030,5036,5042)
(11265,1202,5030,5041,5052)
(10278,1205,5026,5032,5043,5054)
(10237,1206,5042,5036,5030,5024,5023,5017)
(10396,1206,5006,5017,5028,5039,5050)
(11027,1208,5029,5040,5051)
(11075,1211,5054,5043,5032,5026,5025)
(11568,1212,5008,5019,5030,5036)
(10422,1213,5018,5029,5040,5051,5056)
(10559,1213,5021,5026,5025,5024,5029,5040,5051)
(11370,1213,5030,5041,5052)
(10421,1215,5005,5011,5017,5023,5029)
(11070,1216,5056,5051,5040,5029,5024,5019,5008,5003,5004)
(10017,1217,5036,5030,5019,5008)
(11662,1217,5038,5027,5022,5023,5018,5007)
(11755,1218,5027,5016,5005)
(10678,1218,5019,5025,5026,5032,5043)
(10220,1219,5015,5021,5032,5043,5054)
(10898,1220,5017,5023,5024,5030,5036,5042,5053)
(11068,1220,5027,5016,5005)
(11142,1222,5041,5030,5024,5018,5007)
(10222,1223,5005,5011,5017,5023,5024,5025,5026,5032,5043)
(11989,1224,5023,5024,5030,5036,5042,5053)
(11741,1225,5020,5025,5030,5041,5052)
(10235,1226,5023,5029,5040,5051)
(10272,1227,5050,5039,5028,5017,5011)
(10358,1229,5040,5029,5023,5017,5011)
(10175,1230,5019,5024,5029,5040,5051,5056)
(11122,1231,5027,5016,5005)
(11561,1232,5020,5025,5024,5029,5040,5051,5056)
(11099,1234,5049,5038,5027)
(11941,1235,5032,5043,5054)
(11300,1236,5019,5025,5026,5032,5043,5054)
(10244,1236,5020,5025,5024,5029,5040,5051,5056)
(12015,1238,5041,5030,5024,5023,5017,5011,5005)
(10644,1238,5036,5030,5019,5008)
(11711,1239,5052,5041,5030,5024,5023,5017,5011)
(10243,1241,5023,5029,5040,5051)
(10657,1242,5021,5032,5043,5048,5053)
(10615,1243,5018,5024,5030,5036,5042)
(10442,1243,5030,5041,5052)
(11170,1246,5010,5021,5032,5043,5048)
(10045,1247,5053,5042,5036,5030,5019)
(11401,1248,5042,5036,5030,5024,5018)
(11105,1251,5041,5030,5024,5018)
(10240,1251,5005,5011,5017,5023,5024,5030,5036)
(10041,1251,5021,5032,5043,5054)
(10873,1252,5030,5024,5018,5007,5001)
(10043,1253,5051,5040,5029,5024,5025,5026,5021)
(11680,1256,5054,5043,5032,5026,5025,5024,5023)
(11477,1259,5049,5038,5027,5016)
(10643,1261,5003,5008,5019,5030,5041,5052)
(11072,1262,5023,5024,5030,5041,5052)
(10677,1263,5026,5032,5043,5054)
(11933,1265,5004,5003,5008,5019,5030,5041)
(11184,1266,5011,5017,5023,5024,5030,5041,5052)
(10662,1266,5032,5026,5025,5024,5023,5017,5011,5005)
(11877,1267,5052,5041,5030,5025,5026,5021)
(11319,1268,5052,5041,5030)
(10394,1268,5032,5043,5054)
(11503,1269,5021,5032,5043,5054)
(10944,1271,5030,5024,5018,5007,5001)
(12012,1271,5023,5024,5030,5041,5052)
(11743,1272,5043,5032,5021)
(10725,1272,5029,5040,5051)
(11487,1274,5023,5024,5030,5041,5052)
(10300,1276,5024,5025,5026,5032,5043,5054)
(11585,1276,5054,5043,5032,5026,5025,5024,5023,5017,5011)
(10766,1279,5017,5023,5029,5040,5051)
(10803,1279,5036,5030,5024,5018,5007)
(10172,1280,5029,5040,5051)
(11424,1281,5022,5023,5024,5025,5026,5032,5043,5054)
(10808,1282,5051,5040,5029,5023,5017,5011,5005)
(11392,1282,5032,5026,5025,5024,5018,5007,5001)
(10805,1282,5038,5027,5016)
(10179,1285,5032,5043,5054)
(11141,1286,5042,5036,5030,5024,5023,5017,5011,5005)
(10647,1287,5004,5010,5021,5032,5043)
(10636,1288,5017,5023,5024,5025,5026,5032,5043)
(11998,1288,5021,5026,5025,5024,5029,5040,5051)
(10775,1288,5005,5011,5017,5023,5024,5030,5041)
(10583,1289,5054,5043,5032,5026,5025,5024,5023)
(10225,1290,5023,5029,5040,5051)
(10194,1291,5043,5032,5021)
(11826,1291,5027,5016,5005)
(10892,1294,5030,5024,5018,5007,5001)
(10438,1295,5028,5017,5011,5005)
(10777,1296,5029,5023,5017,5011,5005)
(10813,1297,5024,5025,5026,5032,5043,5054)
(10718,1297,5007,5018,5024,5030)
(10561,1298,5041,5030,5019,5008,5003,5004)
(11484,1300,5021,5026,5025,5024,5029,5040,5051,5056)
(10620,1300,5017,5023,5029,5040,5051)
(10529,1300,5030,5041,5052)
(10215,1301,5003,5008,5019,5024,5029,5040,5051,5056)
(11930,1301,5030,5036,5042,5053)
(11465,1302,5052,5041,5030,5024,5018)
(11812,1303,5015,5021,5032,5043,5054)
(10039,1306,5050,5039,5028,5017)
(10424,1308,5005,5011,5017,5023,5024,5030,5036,5042,5053)
(10565,1308,5039,5028,5017,5006)
(11595,1309,5029,5018,5007,5001)
(11689,1310,5032,5021,5010)
(10466,1310,5015,5021,5032,5043)
(10083,1312,5003,5008,5019,5024,5029,5040)
(11351,1313,5005,5011,5017,5023,5029,5040,5051)
(10085,1313,5051,5040,5029,5023,5017,5011,5005)
(10485,1315,5003,5008,5019,5024,5029,5040)
(11481,1316,5023,5024,5030,5041,5052)
(11851,1317,5041,5030,5024,5018)
(10754,1317,5019,5025,5026,5032,5043,5054)
(12023,1317,5028,5017,5011,5005)
(11168,1318,5025,5026,5032,5043,5054)
(10386,1319,5018,5024,5030,5036,5042)
(11390,1320,5008,5019,5024,5029,5040)
(11803,1323,5043,5032,5026,5025,5024,5023,5017,5011,5005)
(10511,1324,5004,5003,5008,5019,5024,5029,5040)
(10389,1325,5051,5040,5029)
(10441,1326,5027,5016,5005)
(11546,1327,5043,5032,5026,5025,5024,5018,5007)
(11527,1327,5007,5018,5023,5022,5027,5038)
(10060,1328,5054,5043,5032,5021,5010,5004,5003)
(11786,1328,5029,5018,5007,5001)
(10976,1329,5041,5030,5019,5008,5003,5004)
(10851,1329,5019,5024,5029,5040,5051,5056)
(11835,1332,5028,5017,5011,5005)
(11211,1334,5040,5029,5024,5019,5008)
(11019,1335,5015,5021,5032,5043)
(11367,1335,5039,5028,5017)
(10982,1336,5054,5043,5032,5026,5025)
(11220,1337,5053,5048,5043,5032,5021)
(10962,1338,5005,5016,5027)
(11374,1339,5039,5028,5017,5011)
(10068,1339,5032,5043,5054)
(10698,1339,5043,5032,5021,5015)
(10870,1340,5050,5039,5028)
(11191,1341,5005,5016,5027,5038,5049)
(10022,1343,5017,5023,5024,5030,5036,5042)
(10304,1345,5030,5019,5008)
(10595,1345,5032,5043,5054)
(11909,1346,5017,5028,5039,5050,5055)
(10387,1349,5039,5028,5023,5024,5019,5008)
(11124,1350,5040,5029,5018,5007,5001)
(11295,1351,5040,5029,5018,5007,5001)
(11067,1351,5040,5029,5023,5017,5011)
(10002,1352,5018,5029,5040,5051,5056)
(10105,1354,5052,5041,5030,5024,5023,5017,5011)
(10891,1354,5027,5016,5005)
(10402,1356,5003,5008,5019,5024,5029,5040,5051,5056,5055)
(10544,1357,5032,5043,5054)
(10095,1360,5041,5030,5019,5008,5003)
(11180,1360,5008,5019,5024,5029,5040)
(11848,1360,5039,5028,5023,5024,5019,5008,5003)
(11046,1360,5051,5040,5029,5024,5019,5014)
(11798,1362,5051,5040,5029,5024,5019)
(11143,1362,5025,5026,5032,5043,5054)
(11317,1362,5036,5030,5024,5023,5017,5011,5005)
(10379,1363,5036,5030,5019,5008,5003)
(11115,1363,5021,5026,5025,5024,5029,5040,5051,5056)
(10408,1364,5040,5029,5018,5007)
(10082,1364,5007,5018,5023,5022,5027,5038)
(10192,1365,5043,5032,5026,5025,5024,5023,5017,5011,5005)
(11491,1366,5003,5008,5019,5024,5029,5040,5051)
(11302,1367,5052,5041,5030,5025,5026,5021)
(12035,1368,5054,5043,5032,5026,5025,5024,5018,5007,5001)
(11060,1368,5022,5023,5024,5030,5036,5042,5053)
(10288,1369,5005,5011,5017,5023,5024,5025,5026,5032,5043)
(11007,1370,5027,5038,5049)
(11282,1370,5054,5043,5032,5021,5010,5004)
(10605,1371,5056,5051,5040,5029,5024,5019,5008,5003,5004)
(10436,1372,5055,5050,5039,5028,5017)
(10196,1373,5031,5042,5053)
(11047,1374,5021,5032,5043,5054)
(11416,1375,5024,5030,5036,5042,5053)
(10602,1376,5005,5016,5027,5038,5049)
(10674,1377,5055,5056,5051,5040,5029,5018)
(11554,1377,5032,5026,5025,5024,5023,5017,5011,5005)
(10188,1378,5030,5024,5018,5007,5001)
(10233,1380,5049,5038,5027,5016)
(11315,1382,5030,5019,5008)
(11058,1382,5027,5016,5005)
(12045,1382,5029,5023,5017,5011,5005)
(10627,1382,5043,5032,5026,5025,5024,5018)
(11552,1383,5004,5003,5008,5019,5024,5029,5040)
(10697,1383,5040,5029,5024,5019,5008,5003,5004)
(10687,1384,5036,5030,5019,5008)
(10217,1384,5020,5025,5024,5029,5040,5051,5056,5055)
(10624,1386,5052,5041,5030,5024,5023,5017)
(11532,1387,5031,5042,5053)
(11696,1387,5020,5025,5024,5029,5040,5051,5056,5055)
(10063,1388,5030,5019,5008)
(11037,1388,5029,5040,5051)
(11847,1389,5022,5023,5024,5030,5036,5042,5053)
(10026,1389,5030,5024,5023,5017,5011,5005)
(10704,1390,5028,5017,5006)
(10381,1392,5019,5030,5036,5042,5053)
(10274,1393,5051,5040,5029,5023,5022)
(11780,1393,5007,5018,5024,5030,5036,5042,5053)
(11206,1394,5007,5018,5029,5040,5051,5056)
(11475,1394,5007,5018,5024,5030)
(10207,1395,5054,5043,5032,5021,5010,5004,5003)
(11175,1396,5032,5021,5010,5004)
(11032,1399,5027,5016,5005)
(11995,1400,5042,5036,5030,5024,5023,5017,5011,5005)
(10412,1400,5001,5007,5018,5029,5040,5051)
(11537,1400,5007,5018,5029,5040)
(10201,1401,5028,5017,5006)
(10029,1404,5022,5023,5024,5030,5036,5042,5053)
(10681,1404,5019,5030,5036,5042)
(10734,1407,5011,5017,5023,5024,5025,5026,5032,5043,5054)
(11036,1407,5028,5017,5011,5005)
(10877,1407,5039,5028,5017,5011,5005)
(11228,1407,5032,5043,5054)
(10265,1408,5025,5026,5032,5043,5054)
(10373,1409,5019,5024,5029,5040,5051)
(10313,1410,5039,5028,5023,5024,5019,5008,5003,5004)
(10909,1410,5036,5030,5024,5018,5007,5001)
(10843,1411,5007,5018,5023,5022,5027,5038)
(11337,1412,5032,5043,5054)
(10999,1413,5021,5026,5025,5024,5029,5040,5051,5056,5055)
(11598,1413,5041,5030,5024,5018,5007,5001)
(10837,1415,5025,5026,5032,5043,5054)
(11343,1416,5015,5021,5032,5043)
(10507,1417,5030,5024,5018,5007,5001)
(11267,1418,5031,5042,5053)
(11634,1419,5017,5023,5029,5040,5051)
(11466,1419,5027,5016,5005)
(10503,1420,5006,5017,5028,5039,5050)
(11726,1422,5055,5056,5051,5040,5029,5018)
(11251,1424,5007,5018,5024,5030,5036,5042,5053)
(10912,1424,5052,5041,5030,5024,5023,5017,5011,5005)
(10341,1425,5030,5041,5052)
(10514,1426,5031,5042,5053)
(11774,1427,5029,5018,5007)
(10859,1428,5010,5021,5032)
(10426,1429,5018,5029,5040,5051,5056)
(10528,1429,5030,5036,5042,5053)
(10117,1430,5026,5032,5043,5054)
(12018,1431,5051,5040,5029,5024,5019,5008)
(10109,1431,5039,5028,5023,5024,5019,5008,5003,5004)
(10930,1432,5029,5023,5017,5011,5005)
(11255,1432,5001,5007,5018,5029)
(10890,1433,5024,5030,5041,5052)
(10850,1434,5015,5021,5032,5043)
(11144,1434,5019,5025,5026,5032,5043)
(11728,1436,5041,5030,5019)
(11628,1437,5018,5024,5025,5026,5032,5043)
(10659,1437,5003,5008,5019,5030,5041,5052)
(11605,1438,5023,5024,5030,5036,5042,5053)
(11604,1439,5041,5030,5024,5018,5007)
(10541,1440,5040,5029,5023,5017,5011)
(10103,1441,5056,5051,5040,5029,5024,5019,5008,5003,5004)
(11920,1441,5027,5016,5005)
(11673,1443,5020,5025,5024,5029,5040,5051,5056,5055)
(11669,1444,5017,5023,5029,5040,5051)
(11580,1445,5041,5030,5019,5008,5003,5004)
(10716,1446,5043,5032,5026,5025,5024,5023,5017,5011)
(10353,1446,5021,5026,5025,5024,5029,5040,5051,5056)
(11715,1447,5024,5030,5036,5042,5053)
(10785,1448,5031,5042,5053)
(11209,1449,5005,5011,5017,5023,5024,5025,5026,5032,5043,5054)
(11792,1449,5003,5004,5010,5021,5032)
(10781,1451,5032,5043,5054)
(10167,1452,5054,5043,5032,5021,5010,5004,5003)
(11894,1453,5023,5024,5030,5036,5042,5053)
(11959,1454,5025,5026,5032,5043,5054)
(11893,1454,5017,5023,5024,5030,5036,5042)
(11199,1455,5026,5032,5043,5054)
(10585,1456,5040,5029,5023,5017,5011,5005)
(10357,1457,5007,5018,5024,5025,5026,5032,5043)
(11734,1457,5008,5019,5024,5023,5022,5027,5038)
(10186,1460,5022,5023,5024,5025,5026,5032,5043,5054)
(10076,1461,5023,5024,5030,5041,5052)
(10347,1462,5007,5018,5024,5025,5026,5032,5043)
(11660,1463,5018,5024,5030,5041)
(10934,1464,5029,5018,5007)
(10640,1465,5019,5030,5036,5042)
(10391,1466,5011,5017,5023,5024,5025,5026,5032,5043)
(10577,1467,5027,5016,5005)
(11863,1469,5039,5028,5023,5024,5019,5008,5003,5004)
(10073,1470,5029,5018,5007,5001)
(10804,1470,5039,5028,5023,5024,5019,5008,5003)
(11992,1472,5032,5021,5010)
(11080,1473,5043,5032,5026,5025,5024,5018,5007,5001)
(10570,1473,5041,5030,5019,5008)
(10383,1476,5006,5017,5028,5039,5050,5055)
(10392,1477,5029,5040,5051)
(10254,1478,5052,5041,5030,5024,5023,5022)
(10267,1479,5051,5040,5029,5018)
(11668,1479,5006,5017,5028,5039,5050)
(11406,1480,5054,5043,5032,5026,5025,5019)
(10255,1480,5031,5042,5053)
(11617,1482,5031,5042,5053)
(11890,1484,5038,5027,5022,5017,5006)
(10318,1485,5055,5056,5051,5040,5029,5024,5019,5008)
(11603,1486,5041,5030,5024,5018,5007)
(10314,1487,5041,5030,5024,5018,5007)
(10545,1488,5042,5036,5030,5024,5018,5007)
(11371,1489,5054,5043,5032,5026,5025,5024,5023,5017,5011,5005)
(10551,1491,5030,5019,5008)
(10490,1492,5048,5043,5032,5021,5015)
(11138,1492,5036,5030,5024,5018,5007,5001)
(10506,1493,5055,5056,5051,5040,5029,5024,5019,5008,5003)
(10403,1495,5032,5021,5010,5004)
(11410,1495,5054,5043,5032,5026,5025,5024)
(10607,1498,5015,5021,5032,5043,5054)
(10609,1499,5039,5028,5023,5018,5007)
(11623,1499,5052,5041,5030,5024,5018,5007)
(10461,1500,5054,5043,5032,5021,5010)
(10431,1500,5030,5036,5042,5053)
(10611,1501,5027,5016,5005)
(10429,1502,5054,5043,5032,5026,5025,5024,5023)
(10571,1505,5021,5026,5025,5024,5029,5040,5051,5056,5055)
(10625,1506,5017,5028,5039,5050)
(10270,1507,5038,5027,5022,5017,5006)
(12008,1507,5024,5030,5041,5052)
(11606,1508,5005,5016,5027,5038)
(10802,1509,5041,5030,5024,5018,5007,5001)
(11739,1509,5032,5043,5054)
(10836,1510,5007,5018,5024,5025,5026,5032)
(11697,1511,5016,5027,5038)
(10150,1512,5028,5017,5011,5005)
(10827,1513,5030,5041,5052)
(11231,1514,5026,5032,5043,5054)
(10824,1515,5030,5019,5008)
(11214,1516,5011,5017,5023,5024,5030,5041)
(11817,1516,5036,5030,5024,5023,5017,5011,5005)
(10152,1518,5030,5041,5052)
(11766,1518,5027,5016,5005)
(11677,1519,5022,5028,5039,5050)
(10155,1520,5050,5039,5028,5017)
(10077,1521,5017,5023,5024,5030,5041)
(10994,1523,5005,5011,5017,5023,5024,5025,5026,5032,5043,5054)
(11176,1527,5016,5027,5038)
(11003,1527,5005,5011,5017,5028,5039,5050)
(11397,1528,5018,5024,5030,5041)
(10776,1529,5018,5024,5025,5026,5032,5043)
(11808,1530,5051,5040,5029,5018)
(11030,1530,5023,5024,5025,5026,5032,5043,5054)
(10127,1533,5030,5024,5023,5017,5011,5005)
(10903,1534,5005,5011,5017,5023,5024,5030,5036,5042)
(10092,1535,5021,5026,5025,5024,5029,5040,5051)
(10899,1539,5006,5017,5028)
(10894,1540,5039,5028,5017,5011)
(10114,1541,5030,5024,5023,5017,5011,5005)
(11252,1542,5020,5025,5024,5029,5040,5051)
(10251,1543,5043,5032,5026,5025,5024,5018)
(10872,1544,5025,5026,5032,5043,5054)
(11192,1546,5029,5018,5007,5001)
(11247,1546,5007,5018,5029,5040)
(11253,1547,5001,5007,5018,5029,5040)
(10920,1548,5003,5008,5019,5024,5029,5040,5051,5056)
(11311,1549,5049,5038,5027,5016,5005)
(11764,1551,5043,5032,5026,5025,5024,5023,5017,5011)
(10887,1552,5054,5043,5032,5021)
(11929,1554,5026,5032,5043,5054)
(10148,1556,5030,5019,5008)
(11924,1556,5040,5029,5023,5017,5011,5005)
(10228,1557,5056,5051,5040,5029,5024,5019,5008,5003)
(11750,1557,5055,5050,5039,5028,5017)
(10929,1559,5006,5017,5028,5039,5050)
(11440,1562,5032,5043,5054)
(11131,1563,5040,5029,5023,5017,5011,5005)
(10216,1564,5004,5003,5008,5019,5024,5023,5028,5039)
(10702,1565,5005,5011,5017,5023,5024,5030)
(10926,1565,5054,5043,5032)
(11935,1565,5030,5036,5042,5053)
(11869,1565,5016,5027,5038,5049)
(10849,1566,5038,5027,5016,5005)
(11040,1569,5007,5018,5024,5025,5026,5032,5043)
(11470,1569,5020,5025,5024,5029,5040,5051,5056,5055)
(11208,1569,5043,5032,5026,5025,5024,5023,5017,5011)
(11076,1574,5020,5025,5024,5029,5040,5051,5056)
(11887,1574,5024,5030,5036,5042,5053)
(11059,1575,5052,5041,5030,5024)
(11081,1576,5029,5018,5007,5001)
(10663,1577,5032,5043,5054)
(10660,1578,5040,5029,5023,5017,5011,5005)
(10655,1579,5043,5032,5026,5025,5024,5023,5017,5011,5005)
(11422,1580,5041,5030,5024,5023,5017,5011,5005)
(11044,1583,5005,5011,5017,5023,5024,5030,5041)
(12043,1583,5032,5026,5025,5024,5018,5007)
(11868,1585,5038,5027,5016)
(10760,1587,5032,5043,5054)
(10753,1589,5022,5023,5024,5030,5036,5042,5053)
(10479,1590,5041,5030,5024,5023,5017,5011,5005)
(10487,1592,5019,5030,5036,5042,5053)
(11377,1592,5039,5028,5023,5024,5019,5008,5003,5004)
(10007,1592,5056,5051,5040,5029,5024,5019,5008,5003,5004)
(10359,1593,5007,5018,5029,5040,5051,5056,5055)
(11169,1595,5031,5042,5053)
(11557,1596,5055,5050,5039,5028,5017,5006)
(11430,1597,5027,5016,5005)
(10397,1598,5022,5023,5024,5025,5026,5032,5043,5054)
(11103,1600,5041,5030,5019,5008,5003,5004)
(10003,1601,5017,5023,5024,5030,5036,5042,5053)
(12017,1601,5020,5031,5042,5053)
(11158,1604,5018,5029,5040,5051,5056,5055)
(10497,1606,5039,5028,5017,5011)
(11000,1607,5019,5024,5029,5040,5051,5056)
(11638,1608,5020,5025,5024,5029,5040,5051,5056,5055)
(11536,1608,5036,5030,5024,5023,5017,5011,5005)
(10090,1609,5027,5016,5005)
(11883,1611,5005,5011,5017,5028,5039,5050)
(10459,1611,5053,5048,5043,5032,5021,5010,5004)
(11097,1612,5011,5017,5023,5024,5025,5026,5032,5043,5054)
(11642,1612,5025,5026,5032,5043,5054)
(10971,1612,5020,5031,5042,5053)
(11134,1613,5051,5040,5029,5023)
(11132,1614,5029,5018,5007,5001)
(11666,1615,5029,5018,5007)
(11207,1615,5003,5008,5019,5030,5041)
(10900,1616,5019,5024,5029,5040,5051,5056)
(11922,1616,5007,5018,5029,5040,5051,5056,5055)
(11057,1617,5043,5032,5021,5015)
(10967,1618,5008,5019,5030,5036)
(10961,1619,5048,5043,5032,5021,5010,5004)
(10072,1620,5052,5041,5030,5019)
(10477,1621,5021,5026,5025,5024,5029,5040,5051,5056)
(10458,1623,5032,5026,5025,5024,5018,5007)
(10024,1624,5041,5030,5019,5008)
(12019,1624,5019,5024,5029,5040,5051)
(11193,1625,5005,5016,5027)
(11490,1626,5043,5032,5026,5025,5024,5023,5017)
(11150,1627,5008,5019,5030,5041,5052)
(10856,1629,5019,5024,5029,5040,5051,5056,5055)
(10405,1630,5054,5043,5032,5021,5015)
(11292,1630,5003,5004,5010,5021,5032,5043)
(10053,1632,5001,5007,5018,5024,5025,5026,5032,5043)
(11308,1632,5019,5025,5026,5032,5043,5054)
(10081,1633,5029,5040,5051)
(10413,1636,5026,5032,5043,5054)
(11136,1637,5052,5041,5030,5019,5008,5003)
(10772,1637,5017,5028,5039)
(12026,1637,5021,5032,5043,5054)
(10555,1638,5003,5004,5010,5021,5032,5043)
(11746,1639,5024,5030,5036,5042,5053)
(10312,1640,5026,5032,5043,5054)
(10557,1640,5011,5017,5023,5024,5025,5026,5032,5043,5054)
(10484,1640,5043,5032,5026,5025,5024,5018,5007,5001)
(11654,1641,5021,5026,5025,5030,5041,5052)
(10154,1641,5016,5027,5038)
(10161,1644,5011,5017,5023,5024,5030,5041)
(11235,1646,5055,5056,5051,5040,5029,5024,5019,5008,5003)
(10795,1647,5018,5029,5040,5051,5056)
(10812,1649,5056,5051,5040,5029,5018)
(11380,1649,5040,5029,5023,5017)
(11314,1651,5007,5018,5029,5040,5051,5056)
(11130,1653,5021,5026,5025,5024,5029,5040,5051,5056,5055)
(10504,1653,5004,5003,5008,5019,5030,5041)
(10992,1653,5021,5032,5043,5054)
(12039,1654,5032,5043,5054)
(11414,1655,5039,5028,5023,5018,5007)
(11051,1655,5028,5017,5011,5005)
(10165,1656,5021,5032,5043,5048,5053)
(10740,1657,5039,5028,5017,5011,5005)
(11914,1658,5040,5029,5018)
(11978,1659,5038,5027,5022,5023,5024,5019,5008)
(11412,1661,5041,5030,5019,5008,5003,5004)
(11446,1663,5006,5017,5028,5039,5050)
(10236,1663,5029,5023,5017,5011,5005)
(11117,1664,5028,5017,5011,5005)
(10728,1664,5001,5007,5018,5024,5025,5026,5032,5043,5054)
(10260,1666,5055,5056,5051,5040,5029,5024,5019)
(11881,1666,5039,5028,5023,5024,5019,5008,5003)
(10241,1667,5008,5019,5024,5029,5040,5051,5056)
(10847,1668,5005,5016,5027,5038)
(10864,1669,5017,5023,5029,5040,5051)
(12021,1670,5029,5018,5007,5001)
(11270,1672,5025,5026,5032,5043,5054)
(10099,1674,5056,5051,5040,5029,5024,5019,5008,5003,5004)
(10893,1674,5052,5041,5030,5024,5018,5007)
(10328,1676,5039,5028,5023,5024,5019,5008,5003)
(10141,1677,5029,5018,5007,5001)
(10540,1678,5004,5003,5008,5019,5024,5029,5040,5051)
(10846,1679,5015,5021,5032,5043,5054)
(11781,1680,5053,5042,5036,5030,5024,5018)
(11329,1681,5027,5016,5005)
(10239,1683,5021,5032,5043)
(10844,1685,5041,5030,5019,5008,5003,5004)
(10549,1686,5039,5028,5023,5024,5019,5008,5003,5004)
(11451,1688,5040,5029,5024,5019,5008,5003)
(11348,1688,5032,5026,5025,5024,5018,5007)
(11309,1689,5038,5027,5022,5023,5024,5019,5008,5003)
(10115,1690,5053,5042,5031)
(10224,1692,5040,5029,5018)
(10375,1694,5003,5008,5019,5024,5029,5040)
(10377,1695,5027,5016,5005)
(10232,1696,5048,5043,5032,5021,5010)
(10009,1697,5008,5019,5030,5036,5042)
(11109,1698,5030,5041,5052)
(10263,1698,5041,5030,5024,5023,5017,5011)
(10190,1699,5001,5007,5018,5024,5025,5026,5032)
(11331,1700,5054,5043,5032,5021,5010,5004,5003)
(11349,1700,5052,5041,5030,5024,5023,5017,5011)
(10089,1701,5053,5042,5036,5030)
(10989,1701,5019,5030,5036,5042,5053)
(11256,1701,5018,5024,5030,5036,5042,5053)
(11273,1702,5054,5043,5032,5026,5025)
(10246,1703,5031,5042,5053)
(12031,1705,5039,5028,5023,5024,5019,5008)
(10130,1706,5042,5036,5030,5019,5008)
(10075,1708,5028,5017,5006)
(11091,1708,5036,5030,5024,5018,5007,5001)
(10348,1712,5028,5017,5006)
(11772,1712,5038,5027,5016,5005)
(10174,1712,5030,5024,5018,5007)
(10346,1713,5007,5018,5024,5030,5041,5052)
(12040,1715,5038,5027,5022,5023,5018,5007)
(11999,1715,5053,5042,5036,5030,5024,5023,5017,5011,5005)
(11262,1716,5008,5019,5030,5036,5042,5053)
(10261,1717,5021,5026,5025,5024,5029,5040,5051,5056,5055)
(11917,1718,5025,5026,5032,5043,5054)
(10209,1718,5007,5018,5029,5040,5051,5056,5055)
(10185,1719,5032,5043,5054)
(10037,1720,5042,5036,5030,5024,5018)
(10287,1725,5036,5030,5019,5008,5003)
(11904,1726,5039,5028,5023,5024,5019,5008,5003)
(11361,1727,5019,5030,5041,5052)
(10284,1727,5005,5011,5017,5023,5029)
(11799,1727,5032,5026,5025,5024,5018,5007,5001)
(10198,1728,5017,5023,5029,5040)
(11852,1729,5011,5017,5023,5024,5030,5036,5042,5053)
(10646,1729,5051,5040,5029,5024,5019,5008,5003,5004)
(10985,1730,5008,5019,5024,5029,5040,5051)
(11643,1731,5030,5036,5042,5053)
(10685,1732,5011,5017,5023,5024,5030,5036,5042,5053)
(10996,1733,5020,5025,5024,5029,5040,5051)
(10672,1737,5017,5028,5039,5050,5055)
(11473,1738,5041,5030,5024,5018,5007,5001)
(11948,1739,5043,5032,5021,5010)
(10661,1739,5053,5042,5036,5030,5024,5023,5022)
(11502,1740,5003,5008,5019,5024,5023,5022,5027,5038)
(10809,1741,5036,5030,5024,5018,5007,5001)
(10671,1741,5001,5007,5018,5024,5025,5026,5032,5043,5054)
(11205,1742,5026,5032,5043,5054)
(11017,1745,5053,5042,5036,5030,5024,5018)
(12047,1746,5054,5043,5032,5026,5025,5024,5018,5007)
(10247,1746,5043,5032,5026,5025,5019)
(11025,1747,5040,5029,5023,5017)
(11891,1747,5041,5030,5019,5008,5003,5004)
(11676,1747,5024,5025,5026,5032,5043,5054)
(11474,1748,5052,5041,5030,5024,5023,5022)
(11805,1749,5041,5030,5019,5008)
(11383,1750,5007,5018,5024,5025,5026,5032)
(11038,1751,5027,5038,5049)
(11495,1751,5052,5041,5030,5025,5026,5021)
(11572,1752,5036,5030,5019,5008,5003)
(11237,1754,5024,5030,5036,5042,5053)
(10895,1757,5040,5029,5018)
(11737,1757,5030,5024,5018,5007)
(11280,1757,5026,5032,5043,5054)
(11283,1758,5020,5025,5024,5029,5040,5051,5056,5055)
(11284,1759,5003,5004,5010,5021,5032)
(11146,1760,5001,5007,5018,5024,5030,5041)
(10878,1761,5004,5003,5008,5019,5024,5029,5040,5051,5056)
(11796,1762,5036,5030,5024,5023,5017,5011,5005)
(11449,1763,5036,5030,5024,5023,5017,5011,5005)
(10866,1763,5032,5021,5010,5004)
(10906,1764,5003,5008,5019,5024,5023,5028,5039)
(10676,1766,5024,5025,5026,5032,5043,5054)
(11560,1768,5051,5040,5029,5023,5022)
(11972,1771,5008,5019,5030,5036)
(11969,1771,5021,5032,5043)
(10816,1773,5005,5011,5017,5023,5024,5025,5026,5032,5043)
(11483,1775,5051,5040,5029,5023,5017,5011,5005)
(10786,1775,5032,5043,5054)
(11291,1776,5054,5043,5032,5026,5025,5024,5023,5017,5011,5005)
(10767,1777,5027,5016,5005)
(10953,1779,5049,5038,5027,5016,5005)
(10708,1779,5030,5041,5052)
(11395,1781,5024,5025,5026,5032,5043,5054)
(10430,1783,5005,5016,5027,5038)
(11437,1783,5032,5021,5010)
(10523,1785,5008,5019,5030,5036,5042)
(10483,1786,5019,5025,5026,5032,5043)
(11154,1786,5021,5032,5043,5054)
(11795,1788,5032,5043,5054)
(10450,1791,5023,5024,5030,5036,5042,5053)
(11463,1791,5029,5018,5007,5001)
(11526,1791,5008,5019,5030,5036,5042)
(11049,1794,5008,5019,5030)
(11074,1794,5051,5040,5029,5023,5017,5011,5005)
(10472,1799,5032,5026,5025,5024,5018,5007,5001)
(11599,1800,5041,5030,5024,5023,5017,5011,5005)
(10721,1801,5039,5028,5023,5024,5019,5008,5003)
(10787,1804,5004,5003,5008,5019,5024,5023,5028,5039)
(10202,1805,5039,5028,5017)
(11691,1805,5005,5011,5017,5023,5024,5030,5036,5042)
(11838,1809,5036,5030,5024,5023,5017,5011,5005)
(11918,1810,5007,5018,5024,5030,5041,5052)
(10160,1812,5040,5029,5023,5017,5011)
(11635,1813,5030,5036,5042,5053)
(12009,1815,5028,5017,5006)
(10079,1815,5010,5021,5032,5043,5054)
(11926,1816,5055,5050,5039,5028,5017,5006)
(10779,1817,5040,5029,5024,5019,5008,5003,5004)
(10789,1817,5017,5028,5039)
(10801,1820,5043,5032,5026,5025,5024,5023,5017)
(11338,1820,5055,5056,5051,5040,5029,5024,5019)
(10963,1821,5040,5029,5023,5017,5011,5005)
(11404,1821,5006,5017,5028,5039,5050,5055)
(10769,1822,5016,5027,5038,5049)
(10733,1823,5053,5048,5043,5032,5021,5010,5004)
(11707,1823,5021,5026,5025,5024,5029,5040,5051)
(11089,1823,5051,5040,5029,5024,5019,5008,5003,5004)
(10751,1825,5020,5025,5024,5029,5040,5051,5056,5055)
(10763,1827,5003,5004,5010,5021,5032,5043,5054)
(11438,1827,5005,5011,5017,5023,5024,5030,5041)
(10128,1830,5026,5032,5043,5054)
(10943,1830,5008,5019,5030,5041)
(11882,1831,5018,5029,5040,5051)
(10399,1832,5027,5016,5005)
(10116,1836,5029,5018,5007,5001)
(11249,1838,5015,5021,5032,5043)
(11328,1838,5019,5030,5036,5042,5053)
(10395,1840,5015,5021,5032,5043,5054)
(11244,1841,5032,5043,5054)
(11013,1841,5030,5036,5042,5053)
(10108,1841,5007,5018,5024,5025,5026,5032,5043,5054)
(12046,1844,5029,5023,5017,5011,5005)
(11152,1846,5028,5017,5006)
(11517,1846,5056,5051,5040,5029,5024,5019,5008,5003)
(11600,1847,5043,5032,5021,5015)
(10097,1847,5028,5017,5006)
(11522,1847,5007,5018,5024,5025,5026,5032)
(10084,1849,5018,5029,5040,5051,5056,5055)
(11541,1850,5007,5018,5029)
(10818,1850,5016,5027,5038,5049)
(11269,1851,5025,5026,5032,5043,5054)
(10151,1852,5020,5025,5024,5029,5040,5051)
(11535,1852,5036,5030,5019,5008,5003)
(10835,1854,5041,5030,5024,5023,5017)
(11121,1855,5039,5028,5023,5018,5007)
(10854,1855,5028,5017,5006)
(11744,1856,5003,5008,5019,5030,5041,5052)
(11678,1858,5039,5028,5023,5024,5019,5008,5003)
(11086,1858,5055,5050,5039,5028,5017)
(10420,1859,5003,5008,5019,5024,5029,5040,5051,5056,5055)
(11268,1859,5054,5043,5032,5026,5025,5024,5023,5022)
(10848,1861,5011,5017,5023,5024,5030,5041,5052)
(10170,1862,5019,5030,5036,5042)
(10416,1862,5053,5042,5036,5030,5024,5023)
(10140,1863,5032,5043,5054)
(11257,1863,5007,5018,5029,5040,5051)
(10935,1865,5028,5017,5006)
(11518,1866,5030,5024,5018,5007,5001)
(11352,1867,5054,5043,5032,5021,5010,5004)
(11323,1868,5036,5030,5019,5008)
(10051,1868,5023,5029,5040,5051)
(10811,1870,5039,5028,5017,5011)
(10652,1871,5003,5008,5019,5030,5041)
(10513,1871,5028,5017,5011,5005)
(10482,1871,5030,5024,5018,5007,5001)
(10290,1873,5001,5007,5018,5024,5030,5036,5042,5053)
(10793,1874,5032,5043,5054)
(10869,1874,5024,5030,5041,5052)
(10335,1874,5041,5030,5024,5023,5017,5011)
(11794,1876,5004,5003,5008,5019,5024,5023,5022,5027,5038)
(10596,1877,5020,5025,5030,5041,5052)
(10773,1878,5023,5029,5040,5051)
(10257,1878,5029,5023,5017,5011,5005)
(11516,1882,5032,5021,5010,5004)
(10050,1883,5025,5026,5032,5043,5054)
(10902,1885,5043,5032,5021,5010,5004)
(10755,1885,5030,5024,5018,5007,5001)
(10948,1886,5032,5043,5054)
(10634,1886,5031,5042,5053)
(11480,1888,5030,5024,5018,5007,5001)
(10629,1889,5018,5024,5025,5026,5032,5043,5054)
(10519,1889,5055,5056,5051,5040,5029,5024,5019,5008,5003,5004)
(10200,1889,5036,5030,5024,5023,5017,5011,5005)
(11895,1890,5039,5028,5017,5006)
(11172,1891,5028,5039,5050)
(10916,1891,5017,5023,5024,5030,5036,5042)
(11286,1893,5039,5028,5023,5024,5019,5008,5003)
(11111,1893,5028,5017,5011,5005)
(11655,1893,5007,5018,5024,5030,5036)
(10120,1893,5019,5025,5026,5032,5043)
(10275,1894,5051,5040,5029,5018,5007)
(10539,1894,5001,5007,5018,5024,5030,5036)
(11242,1894,5021,5032,5043,5048,5053)
(11098,1897,5048,5043,5032,5021,5010)
(11293,1898,5042,5036,5030,5024,5023,5017,5011)
(10049,1898,5019,5025,5026,5032,5043,5054)
(10280,1898,5030,5036,5042,5053)
(10536,1898,5022,5023,5029,5040,5051)
(11658,1899,5007,5018,5029,5040,5051,5056)
(11342,1899,5024,5025,5026,5032,5043,5054)
(11381,1900,5018,5029,5040)
(10214,1902,5032,5026,5025,5024,5018,5007,5001)
(11139,1902,5041,5030,5024,5023,5017,5011,5005)
(10756,1904,5007,5018,5029,5040,5051,5056)
(11167,1904,5005,5011,5017,5023,5024,5025,5026,5032)
(10980,1904,5025,5026,5032,5043,5054)
(10469,1905,5021,5026,5025,5030,5041,5052)
(10700,1906,5028,5039,5050)
(10309,1907,5007,5018,5029,5040)
(10783,1907,5030,5036,5042,5053)
(10218,1908,5042,5036,5030,5024,5023,5017,5011)
(10703,1909,5055,5050,5039,5028,5017,5006)
(11165,1909,5055,5056,5051,5040,5029,5024,5025,5026,5021)
(10563,1910,5022,5023,5024,5030,5041,5052)
(10221,1910,5050,5039,5028,5017,5011)
(10688,1911,5009,5020,5031)
(10768,1912,5028,5017,5006)
(10993,1912,5041,5030,5024,5023,5017,5011,5005)
(12020,1914,5052,5041,5030,5024,5018,5007,5001)
(10305,1914,5008,5019,5024,5029,5040,5051,5056,5055)
(11528,1915,5027,5016,5005)
(11574,1915,5003,5004,5010,5021,5032,5043,5054)
(10294,1916,5032,5043,5054)
(11467,1917,5038,5027,5022,5023,5024,5019,5008)
(11488,1918,5003,5008,5019,5030,5041)
(10680,1920,5008,5019,5030,5041)
(11133,1921,5029,5023,5017,5011,5005)
(10578,1921,5054,5043,5032,5026,5025,5024,5023,5017)
(11061,1922,5041,5030,5019,5008,5003,5004)
(11240,1928,5030,5024,5023,5017,5011,5005)
(11858,1929,5022,5023,5029,5040,5051)
(10034,1930,5042,5036,5030,5024,5018,5007,5001)
(11710,1931,5007,5018,5029,5040,5051,5056,5055)
(11670,1932,5040,5029,5024,5019,5008,5003)
(11575,1935,5052,5041,5030,5019)
(11160,1935,5004,5010,5021,5032,5043,5054)
(11196,1938,5015,5021,5032,5043,5054)
(10070,1939,5040,5029,5018,5007,5001)
(11759,1941,5052,5041,5030,5024)
(10074,1943,5054,5043,5032,5026,5025,5024,5023,5017,5011,5005)
(11732,1944,5018,5024,5030,5041,5052)
(11140,1945,5038,5027,5016)
(11801,1945,5043,5032,5026,5025,5024,5018)
(10829,1945,5007,5018,5029,5040,5051,5056)
(11542,1948,5043,5032,5021,5010)
(11001,1948,5051,5040,5029,5024,5019,5014)
(10874,1949,5030,5024,5018,5007)
(11954,1949,5036,5030,5024,5018,5007)
(10019,1950,5011,5017,5023,5024,5030,5036,5042)
(11041,1952,5019,5030,5041,5052)
(11980,1953,5003,5004,5010,5021,5032,5043,5054)
(11310,1953,5029,5018,5007)
(10922,1954,5020,5025,5024,5029,5040,5051,5056)
(11333,1954,5028,5017,5011,5005)
(11735,1955,5051,5040,5029,5024,5019,5014)
(10020,1956,5015,5021,5032,5043)
(11042,1957,5021,5032,5043,5054)
(11084,1958,5048,5043,5032,5021,5010)
(10087,1959,5054,5043,5032,5026,5025)
(11238,1959,5027,5016,5005)
(10279,1962,5041,5030,5024,5018)
(10972,1963,5048,5043,5032,5021,5010)
(12041,1964,5036,5030,5019,5008)
(10301,1965,5049,5038,5027,5016)
(10684,1967,5043,5032,5026,5025,5024,5023,5017,5011,5005)
(10569,1967,5008,5019,5024,5029,5040,5051,5056)
(10599,1968,5007,5018,5024,5025,5026,5032)
(10592,1968,5027,5016,5005)
(10604,1970,5010,5021,5032,5043,5048)
(11022,1971,5007,5018,5024,5030,5036,5042,5053)
(11823,1972,5019,5025,5026,5032,5043)
(10618,1974,5053,5042,5036,5030,5024,5023,5017,5011,5005)
(11815,1976,5020,5031,5042)
(10632,1980,5011,5017,5028,5039)
(11071,1980,5017,5023,5024,5030,5041,5052)
(11625,1983,5056,5051,5040,5029,5024,5019,5014)
(11339,1983,5029,5018,5007,5001)
(11770,1984,5055,5056,5051,5040,5029,5024,5019,5008)
(10390,1985,5011,5017,5023,5024,5030,5036,5042,5053)
(11407,1985,5008,5019,5030,5041)
(11316,1985,5030,5019,5008)
(10393,1986,5025,5026,5032,5043,5054)
(11624,1987,5030,5024,5018,5007,5001)
(11485,1988,5039,5028,5017,5011,5005)
(10400,1989,5028,5039,5050)
(10411,1989,5004,5003,5008,5019,5024,5029,5040,5051,5056)
(12016,1989,5027,5016,5005)
(11802,1990,5041,5030,5019,5008,5003)
(10370,1991,5017,5023,5024,5030,5036,5042,5053)
(11163,1993,5017,5023,5024,5025,5026,5032,5043)
(11104,1994,5017,5028,5039)
(10344,1996,5015,5021,5032,5043,5054)
(10631,1997,5017,5028,5039,5050,5055)
(10474,1997,5029,5023,5017,5011,5005)
(11504,1997,5003,5008,5019,5024,5023,5022,5027,5038)
(10339,1998,5053,5042,5036,5030,5024,5023)
(11970,1999,5029,5023,5017,5011,5005)
(10548,2003,5005,5011,5017,5023,5024,5030,5036,5042,5053)
(10552,2003,5001,5007,5018,5029,5040)
(11612,2004,5006,5017,5028,5039)
(10149,2005,5029,5040,5051)
(10527,2005,5051,5040,5029,5024,5019,5008,5003,5004)
(10937,2005,5039,5028,5017,5011)
(11100,2007,5051,5040,5029,5024,5019,5014)
(10177,2007,5017,5023,5024,5030,5041)
(11966,2007,5039,5028,5023,5018,5007)
(10806,2009,5040,5029,5018,5007)
(11671,2009,5001,5007,5018,5024,5030,5036,5042,5053)
(12030,2010,5028,5017,5011,5005)
(10814,2010,5003,5008,5019,5030,5041,5052)
(10780,2010,5011,5017,5028,5039)
(11652,2012,5018,5024,5030,5041)
(10158,2013,5039,5028,5023,5024,5019,5008,5003,5004)
(11356,2013,5006,5017,5028,5039)
(10153,2014,5020,5025,5024,5029,5040,5051,5056,5055)
(11358,2018,5001,5007,5018,5024,5030,5036)
(11476,2023,5036,5030,5019,5008)
(11290,2023,5032,5021,5010)
(10113,2024,5056,5051,5040,5029,5024,5019)
(10104,2025,5023,5024,5030,5041,5052)
(10669,2029,5053,5048,5043,5032,5021,5010,5004)
(11243,2030,5007,5018,5023,5028,5039)
(11015,2030,5019,5024,5029,5040,5051)
(10238,2030,5009,5020,5031)
(11330,2032,5054,5043,5032,5026,5025,5024,5018,5007)
(11322,2035,5038,5027,5016,5005)
(10713,2037,5027,5016,5005)
(10897,2037,5029,5018,5007)
(11464,2038,5028,5039,5050)
(11925,2039,5054,5043,5032,5026,5025,5024,5018)
(11543,2040,5032,5043,5054)
(10648,2041,5039,5028,5023,5024,5019,5008,5003,5004)
(10738,2041,5041,5030,5024,5018)
(10764,2045,5003,5004,5010,5021,5032,5043,5054)
(10619,2045,5019,5030,5041)
(10181,2047,5053,5048,5043,5032,5021,5010,5004)
(10566,2049,5024,5025,5026,5032,5043,5054)
(10252,2049,5019,5025,5026,5032,5043,5054)
(11822,2050,5032,5043,5054)
(11082,2050,5029,5018,5007)
(10588,2051,5007,5018,5029,5040,5051,5056,5055)
(11757,2051,5042,5036,5030,5019)
(11355,2053,5008,5019,5030,5036)
(10945,2055,5030,5024,5023,5017,5011,5005)
(10617,2057,5028,5017,5011,5005)
(11114,2057,5030,5024,5023,5017,5011,5005)
(12014,2059,5007,5018,5024,5030)
(10726,2060,5017,5028,5039,5050,5055)
(11878,2060,5052,5041,5030,5019,5014)
(11974,2062,5036,5030,5019,5008)
(10947,2063,5029,5018,5007,5001)
(10468,2063,5019,5030,5041,5052)
(10942,2067,5029,5023,5017,5011,5005)
(10603,2067,5024,5030,5036,5042,5053)
(10498,2068,5019,5030,5041)
(11936,2069,5008,5019,5030,5036,5042,5053)
(11166,2080,5029,5023,5017,5011,5005)
(11514,2081,5036,5030,5024,5023,5017,5011,5005)
(11872,2082,5021,5032,5043,5054)
(11962,2084,5017,5023,5024,5025,5026,5032,5043,5054)
(11983,2085,5040,5029,5023,5017,5011)
(11717,2087,5055,5050,5039,5028,5017)
(11500,2091,5023,5024,5025,5026,5032,5043,5054)
(11584,2092,5030,5024,5018,5007,5001)
(11415,2094,5043,5032,5021,5010,5004)
(10857,2096,5019,5030,5036,5042,5053)
(10719,2098,5019,5030,5036,5042)
(11829,2101,5030,5019,5008)
(10778,2105,5030,5041,5052)
(11684,2109,5051,5040,5029,5023,5017)
(11897,2113,5036,5030,5019,5008,5003)
(10692,2115,5030,5024,5018,5007)
(10712,2115,5030,5041,5052)
(11304,2115,5028,5017,5011,5005)
(11694,2121,5029,5023,5017,5011,5005)
(11588,2123,5030,5019,5008)
(11469,2125,5055,5050,5039,5028,5017)
(11445,2128,5028,5017,5006)
(11724,2146,5055,5056,5051,5040,5029,5018,5007)
(11879,2147,5018,5024,5030,5041)
(11960,2152,5051,5040,5029)
(11867,2170,5029,5018,5007,5001)
