#(carId,StartTime,RoadId...)
(11063,1,5013,5019,5030,5041,5047,5053)
(10690,1,5059,5058,5057,5056,5050,5044,5038,5027)
(11098,1,5011,5017,5028,5039)
(10752,1,5038,5027,5016,5005)
(10921,1,5053,5047,5041,5030,5019,5008,5003)
(11916,1,5048,5047,5041,5030,5024,5018,5012)
(10837,1,5054,5048,5047,5041,5030,5019)
(10834,1,5056,5051,5046,5041,5030,5019,5008,5003)
(11941,1,5049,5038,5027,5016,5005)
(10903,1,5006,5012,5013,5019,5030,5041)
(10800,1,5029,5018,5012,5006)
(10750,1,5024,5030,5041,5047,5053)
(10803,1,5054,5048,5042,5031)
(10721,1,5019,5030,5041,5046,5051,5056)
(10812,1,5040,5029,5018,5007)
(10699,1,5030,5041,5047,5048,5054)
(10852,1,5011,5012,5018,5029,5040,5051)
(11030,1,5010,5021,5032,5043)
(10895,1,5050,5039,5028,5017,5011)
(10914,1,5011,5012,5013,5019,5030,5041,5047)
(10700,1,5040,5029,5018,5012,5011)
(10867,1,5045,5046,5041,5030,5019,5008)
(10669,1,5019,5030,5041)
(10783,1,5006,5012,5013,5019,5030)
(10715,1,5004,5009,5020,5031,5042)
(11083,1,5019,5030,5041)
(10898,1,5041,5030,5024,5018,5012,5011,5005)
(11092,1,5031,5025,5019,5008,5002,5001)
(11070,1,5027,5016,5005)
(10727,1,5027,5016,5005)
(10785,1,5031,5042,5053)
(10922,1,5054,5043,5032)
(11062,1,5005,5011,5012,5013,5019,5030,5041,5047,5053)
(10670,1,5040,5029,5018)
(11079,1,5046,5041,5030,5019,5008)
(10718,1,5029,5040,5051)
(11053,1,5030,5041,5047,5053)
(11048,1,5005,5011,5017,5028)
(11955,2,5032,5026,5025,5019,5008)
(11012,2,5049,5038,5027,5022,5017,5012,5013,5008,5003)
(10932,2,5020,5031,5042,5048,5054)
(11001,2,5046,5041,5030,5019,5008,5003,5004)
(10973,2,5017,5012,5013,5019,5030,5041,5047,5053)
(10928,2,5023,5029,5040,5051)
(10989,2,5018,5029,5040,5051)
(10399,2,5012,5017,5028,5039,5050)
(11011,2,5050,5039,5028,5017,5012,5007)
(11022,2,5032,5026,5025,5019,5008)
(10406,2,5012,5013,5019,5030,5041,5047,5053)
(10281,2,5020,5031,5042,5053)
(11037,2,5031,5025,5019,5008,5002)
(10387,2,5019,5030,5041,5046,5045,5044,5049)
(10981,2,5027,5016,5005)
(11007,2,5027,5038,5044,5050)
(11028,2,5032,5043,5054)
(11925,2,5032,5043,5054)
(11034,2,5050,5039,5028,5017,5012,5007)
(10258,3,5027,5038,5044,5050)
(10232,3,5006,5012,5013,5014,5020,5031)
(10383,3,5040,5029,5018,5012,5011,5005)
(10335,3,5048,5047,5041,5030,5019,5008,5003)
(10338,3,5031,5042,5053)
(12001,3,5030,5041,5047,5048,5054)
(10238,3,5030,5019,5008,5002)
(11996,3,5048,5047,5041,5030,5024,5018,5012)
(10355,3,5039,5028,5017,5012,5007)
(10423,3,5012,5018,5029,5040)
(10255,3,5047,5041,5030,5019,5008,5002,5001)
(10305,3,5038,5027,5016)
(10277,3,5005,5011,5017,5028,5039)
(12010,3,5031,5025,5019,5008,5003)
(11999,3,5024,5030,5041,5047,5048,5054)
(12012,3,5053,5047,5041,5030,5019,5008,5003)
(10242,3,5006,5012,5013,5019,5030,5041,5047)
(10356,3,5054,5048,5047,5041,5030,5024,5018)
(10282,3,5014,5019,5030,5041,5046,5051)
(10621,4,5040,5029,5018,5012,5011)
(10644,4,5031,5025,5019,5008,5002)
(10549,4,5004,5003,5008,5019,5030,5041,5046)
(10641,4,5048,5043,5032,5021,5010)
(10613,4,5053,5048,5043,5032,5021)
(10219,4,5008,5019,5030,5041,5046,5045,5044,5049)
(10608,4,5006,5012,5013,5014,5020,5031)
(10561,4,5053,5047,5041,5030,5024,5018,5012,5011)
(11099,4,5039,5028,5017,5006)
(10550,4,5045,5046,5041,5030,5019,5008,5003)
(10218,4,5029,5018,5012,5006)
(11962,4,5008,5019,5030,5041,5047)
(10632,4,5012,5013,5019,5030,5041)
(11965,4,5012,5013,5019,5030,5041,5047)
(10655,4,5051,5040,5029,5023)
(10224,4,5029,5018,5007)
(10540,4,5028,5039,5050)
(10543,4,5008,5019,5030,5041,5047)
(10217,4,5002,5008,5019,5030)
(10527,5,5020,5031,5042,5048)
(11640,5,5040,5029,5018,5012)
(11987,5,5046,5041,5030,5019,5008,5003,5004)
(10520,5,5010,5021,5032,5043,5054)
(10533,5,5028,5039,5050)
(10506,5,5054,5048,5047,5041,5030,5024,5023)
(11516,5,5003,5008,5019,5030,5041,5046,5045,5044)
(10493,5,5017,5012,5013,5019,5030,5041,5047,5053)
(11593,5,5024,5030,5041,5047,5053)
(11620,5,5038,5027,5022,5017,5006)
(11589,5,5004,5003,5008,5019,5030,5041,5046,5051,5056)
(10499,5,5008,5019,5030,5041,5047,5053)
(11582,5,5008,5019,5030)
(10512,5,5007,5018,5029,5040,5051)
(10455,5,5006,5017,5022,5027,5038,5049)
(11585,5,5002,5008,5019,5030,5041)
(11587,5,5027,5038,5044,5050)
(10525,5,5049,5038,5027,5022,5017,5012,5013,5008,5003)
(10487,5,5002,5008,5019,5030,5041,5047,5053)
(11513,6,5031,5025,5019,5008,5002,5001)
(11864,6,5027,5038,5044,5050,5056,5057)
(11657,6,5019,5030,5041,5047,5048,5054)
(11538,6,5013,5019,5030,5041,5047)
(11474,6,5028,5017,5006)
(11484,6,5032,5043,5054)
(11490,6,5012,5018,5029,5040,5051)
(11471,6,5030,5041,5047,5053)
(11463,6,5015,5020,5031,5042,5053)
(11486,6,5050,5039,5028,5017,5012)
(11872,6,5053,5047,5041,5030,5019,5008,5002,5001)
(11492,6,5011,5012,5018,5029,5040)
(11480,6,5024,5030,5041,5047,5053)
(11572,6,5007,5012,5017,5028,5039)
(11568,6,5046,5041,5030,5019,5008)
(11573,6,5011,5017,5028,5039,5050)
(11515,6,5005,5011,5012,5018,5029)
(11865,6,5005,5011,5012,5013,5019,5030,5041)
(11472,6,5048,5047,5041,5030,5019)
(11784,7,5032,5043,5054)
(11831,7,5030,5041,5047,5048,5054)
(11764,7,5030,5041,5047,5048,5054)
(11812,7,5053,5047,5041,5030,5019,5008,5002)
(11732,7,5054,5043,5032,5021,5010)
(11781,7,5008,5014,5020,5031)
(11835,7,5005,5011,5012,5018,5029)
(11452,7,5032,5021,5010)
(11779,7,5012,5017,5022,5027,5038,5049)
(11734,7,5051,5040,5029,5018,5012,5011)
(11741,7,5038,5027,5022,5017,5006)
(11793,7,5004,5003,5008,5019,5030,5041,5052)
(11727,7,5053,5048,5043,5032,5021,5010)
(11786,7,5054,5048,5047,5041,5030,5019,5008)
(11743,7,5028,5017,5006)
(11815,7,5039,5028,5017,5011)
(11717,7,5043,5032,5021,5010)
(11785,7,5031,5042,5048,5054)
(11745,7,5012,5013,5019,5030,5041,5047,5048)
(11200,8,5014,5019,5030,5041,5046,5051)
(11698,8,5005,5011,5012,5018,5029)
(11271,8,5030,5019,5008)
(11177,8,5014,5019,5030,5041,5052)
(11895,8,5015,5020,5031,5042,5053)
(11898,8,5008,5019,5030,5041,5046,5045,5044,5049)
(11191,8,5019,5030,5041,5046,5045,5044,5049)
(11175,8,5007,5012,5017,5028,5039)
(11154,8,5019,5030,5041,5052)
(11703,8,5051,5046,5041,5030,5019,5014,5015)
(11660,8,5051,5046,5041,5030,5019,5014,5015)
(11207,8,5053,5047,5041,5030,5024)
(11842,8,5009,5020,5031,5042,5053)
(11223,8,5009,5020,5031,5042,5048,5054)
(11685,8,5018,5029,5040)
(11709,8,5038,5027,5022,5017,5012,5013,5008)
(11261,8,5023,5029,5040,5051)
(11225,8,5031,5042,5053)
(11661,8,5045,5046,5041,5030,5019,5008,5003,5004)
(11107,9,5017,5012,5013,5019,5030,5041,5047,5048,5054)
(11118,9,5027,5038,5049)
(11149,9,5003,5008,5019,5030,5041,5046,5045)
(11359,9,5027,5038,5044,5050,5056)
(11275,9,5027,5016,5005)
(11451,9,5032,5043,5054)
(11123,9,5041,5030,5019,5008,5003,5004)
(11133,9,5011,5012,5013,5019,5030,5041,5047,5053)
(11155,9,5032,5026,5025,5024,5018,5012,5011,5005)
(11425,9,5024,5030,5041,5052)
(11113,9,5028,5017,5006)
(11109,9,5031,5025,5019,5008,5002,5001)
(11132,9,5054,5048,5047,5041,5030,5019,5008,5002,5001)
(11414,9,5021,5032,5043,5054)
(11144,9,5017,5012,5013,5019,5030,5041,5047,5053)
(11173,9,5030,5024,5018,5012,5011,5005)
(11140,9,5027,5016,5005)
(11112,9,5047,5041,5030,5019)
(11136,9,5058,5057,5056,5050,5044,5038,5027)
(11403,10,5032,5026,5025,5019,5008)
(10916,10,5032,5043,5054)
(11375,10,5051,5040,5029,5018,5007)
(11406,10,5006,5017,5028)
(11390,10,5031,5042,5053)
(11393,10,5050,5039,5028,5017,5006)
(11351,10,5052,5041,5030,5024,5018,5012,5011)
(11296,10,5049,5038,5027,5022,5017,5006)
(11356,10,5005,5011,5012,5018,5029)
(11313,10,5028,5017,5011,5005)
(11327,10,5054,5043,5032,5021)
(11353,10,5002,5008,5019,5030,5041,5052)
(11344,10,5013,5019,5030,5041,5047,5048)
(11316,10,5020,5031,5042,5048,5054)
(11343,10,5038,5027,5022,5017,5006)
(11409,10,5011,5012,5018,5029,5040)
(11380,10,5057,5056,5050,5044,5038,5027)
(11884,10,5048,5047,5041,5030,5019,5008)
(11371,10,5008,5019,5030,5041)
(10058,11,5007,5012,5017,5022,5027,5038,5049)
(10207,11,5054,5043,5032,5021,5015)
(10079,11,5031,5025,5019,5008,5002,5001)
(10140,11,5032,5043,5054)
(10059,11,5008,5014,5020,5031)
(10098,11,5017,5012,5013,5019,5030,5041,5052)
(10099,11,5027,5016,5005)
(12039,11,5031,5025,5019,5008,5002,5001)
(11294,11,5005,5011,5012,5013,5019,5030,5041,5052)
(10081,11,5015,5020,5031,5042,5053)
(11286,11,5038,5027,5022,5017,5012,5013,5008,5003,5004)
(10036,11,5049,5038,5027,5022,5017,5012)
(10014,11,5024,5030,5041,5052)
(10200,11,5009,5020,5031,5042,5048)
(10106,11,5047,5041,5030,5019,5014)
(12023,11,5032,5026,5025,5019,5008,5002)
(11287,11,5030,5041,5052)
(10201,11,5050,5039,5028,5017,5012)
(10182,11,5008,5019,5030,5041,5047,5048,5054)
(10145,12,5015,5014,5019,5030,5041,5046,5051)
(12022,12,5049,5038,5027,5022,5017,5012,5013,5008)
(10178,12,5006,5012,5013,5019,5030,5041)
(10074,12,5054,5043,5032,5021,5015)
(10115,12,5038,5027,5022,5017,5012,5007)
(10065,12,5045,5046,5041,5030,5019,5008,5003)
(10086,12,5030,5041,5052)
(10034,12,5030,5041,5052)
(10159,12,5003,5008,5019,5030,5041,5046)
(10169,12,5031,5042,5048,5054)
(10137,12,5007,5018,5029)
(10211,12,5043,5032,5021,5010)
(11224,12,5019,5030,5041,5046,5051)
(12034,12,5012,5017,5028,5039,5050)
(12038,12,5020,5031,5042,5053)
(11206,12,5032,5043,5054)
(10075,12,5019,5030,5041,5047,5053)
(12035,12,5029,5018,5012,5006)
(10055,12,5031,5025,5019,5008)
(11246,13,5051,5046,5041,5030,5019,5008,5003,5004)
(11180,13,5027,5016,5005)
(10411,13,5023,5029,5040,5051)
(11216,13,5007,5018,5029)
(10091,13,5041,5030,5019,5008,5002)
(11217,13,5019,5030,5041,5047)
(10416,13,5028,5017,5006)
(11995,13,5008,5019,5030,5041,5046,5045)
(11197,13,5049,5038,5027,5022,5017,5006)
(10418,13,5014,5019,5030,5041,5046,5045,5044,5049)
(11195,13,5029,5018,5012,5006)
(10820,13,5028,5017,5011,5005)
(11198,13,5049,5038,5027,5022,5017,5012,5007)
(10779,13,5028,5017,5011,5005)
(11212,13,5046,5041,5030,5019,5008)
(10419,13,5056,5051,5046,5041,5030,5019,5014,5015)
(11178,13,5027,5016,5005)
(11214,13,5059,5058,5057,5056,5050,5044,5038,5027)
(10821,13,5054,5048,5047,5041,5030,5024,5018,5012,5011,5005)
(10078,14,5004,5003,5008,5019,5030,5041,5052)
(11249,14,5028,5017,5006)
(11268,14,5008,5019,5030,5041,5047,5053)
(11326,14,5053,5047,5041,5030,5024,5018)
(11250,14,5032,5043,5054)
(10373,14,5027,5038,5049)
(10084,14,5028,5017,5011,5005)
(10798,14,5049,5038,5027,5022,5017,5012,5007)
(10809,14,5017,5012,5013,5019,5030,5041,5052)
(10378,14,5004,5003,5008,5019,5030,5041,5052)
(11342,14,5054,5043,5032,5021,5015)
(10143,14,5048,5047,5041,5030,5019,5008,5003)
(11247,14,5028,5017,5006)
(11263,14,5021,5032,5043,5054)
(11267,14,5054,5048,5047,5041,5030)
(11289,14,5038,5027,5022,5017,5006)
(10787,14,5030,5019,5008)
(10363,14,5027,5016,5005)
(10385,14,5003,5008,5019,5030,5041)
(11027,15,5005,5011,5012,5013,5019,5030,5041,5047,5048,5054)
(11005,15,5038,5027,5022,5017,5012,5013,5008,5003)
(11229,15,5032,5026,5025,5019,5008,5002,5001)
(11239,15,5023,5029,5040,5051)
(10816,15,5012,5013,5019,5030,5041,5047,5048)
(10397,15,5020,5031,5042,5048,5054)
(11241,15,5051,5040,5029,5018,5012,5011,5005)
(10121,15,5020,5031,5042,5048)
(11981,15,5054,5048,5047,5041,5030,5019)
(11245,15,5054,5048,5047,5041,5030)
(10521,15,5013,5019,5030,5041,5052)
(11921,15,5046,5041,5030,5019,5008,5003)
(10119,15,5027,5038,5049)
(10118,15,5004,5003,5008,5019,5030,5041,5046,5051,5056)
(10125,15,5046,5041,5030,5019,5008,5003,5004)
(10813,15,5005,5011,5012,5013,5019,5030,5041,5047,5048,5054)
(10488,15,5013,5019,5030,5041,5047,5048)
(10483,15,5048,5047,5041,5030,5019)
(10434,15,5027,5038,5049)
(12029,16,5049,5038,5027,5022,5017,5006)
(10896,16,5030,5019,5008,5002)
(10886,16,5013,5019,5030,5041,5047,5048,5054)
(11927,16,5053,5042,5031)
(10976,16,5043,5032,5021,5010)
(10953,16,5032,5021,5010,5004)
(11035,16,5053,5047,5041,5030,5024)
(11041,16,5031,5042,5053)
(10996,16,5032,5026,5025,5019,5008)
(10888,16,5023,5029,5040,5051)
(10993,16,5031,5042,5053)
(11983,16,5027,5016,5005)
(10136,16,5029,5018,5012,5006)
(10966,16,5045,5046,5041,5030,5019,5008,5003)
(10526,16,5008,5019,5030)
(10974,16,5008,5019,5030)
(11923,16,5002,5008,5014,5020,5031)
(10501,16,5002,5008,5019,5030,5041)
(10494,16,5007,5018,5029,5040)
(10929,17,5054,5043,5032,5021,5010)
(11120,17,5038,5027,5022,5017,5006)
(10926,17,5017,5012,5013,5019,5030,5041,5047,5048,5054)
(10828,17,5041,5030,5019,5008)
(12025,17,5020,5031,5042,5053)
(11122,17,5053,5047,5041,5030,5024,5023)
(10436,17,5030,5041,5052)
(10865,17,5012,5013,5019,5030,5041,5047,5048,5054)
(10862,17,5011,5017,5028,5039,5050)
(10870,17,5005,5011,5017,5028)
(11115,17,5040,5029,5018,5007)
(11167,17,5051,5046,5041,5030,5019)
(11160,17,5041,5030,5024,5018)
(10831,17,5004,5009,5020,5031,5042,5053)
(10440,17,5051,5040,5029,5018,5012,5011)
(11117,17,5049,5038,5027,5016)
(11127,17,5024,5030,5041,5047,5053)
(10905,17,5006,5012,5013,5014,5020,5031)
(11137,17,5027,5016,5005)
(10883,18,5032,5021,5010)
(11171,18,5054,5043,5032)
(10450,18,5006,5012,5013,5019,5030,5041)
(11637,18,5050,5039,5028,5017,5012,5007)
(10112,18,5038,5027,5022,5017,5012,5013,5008)
(10877,18,5003,5008,5019,5030,5041,5052)
(11787,18,5023,5029,5040,5051)
(11088,18,5053,5048,5043,5032,5021,5010)
(10104,18,5031,5042,5053)
(11114,18,5046,5041,5030,5019,5008,5003)
(11093,18,5014,5019,5030,5041,5052)
(11091,18,5028,5017,5011,5005)
(11633,18,5030,5041,5047,5048,5054)
(11073,18,5043,5032,5021,5010)
(10461,18,5005,5011,5012,5018,5029,5040,5051)
(10884,18,5028,5017,5011,5005)
(11095,18,5032,5026,5025,5019,5008)
(11081,18,5048,5047,5041,5030,5019,5008,5002)
(11110,18,5047,5041,5030,5024,5018)
(11765,19,5048,5047,5041,5030,5019,5008,5002,5001)
(11597,19,5009,5020,5031,5042)
(11788,19,5030,5019,5008,5002)
(10030,19,5048,5047,5041,5030,5019,5008,5002,5001)
(11590,19,5028,5017,5011,5005)
(11789,19,5028,5017,5011,5005)
(10007,19,5008,5019,5030,5041,5046,5051,5056)
(11775,19,5030,5019,5008,5002,5001)
(10284,19,5041,5030,5019,5008,5002)
(11860,19,5032,5043,5054)
(10685,19,5047,5041,5030,5024,5018,5012,5011)
(11766,19,5028,5017,5006)
(11595,19,5027,5038,5044,5050,5056,5057,5058)
(11639,19,5032,5043,5054)
(11769,19,5051,5040,5029,5018,5007)
(10598,19,5006,5012,5018,5029,5040)
(11600,19,5012,5013,5019,5030,5041,5047,5053)
(10235,19,5014,5019,5030,5041,5046,5045,5044,5049)
(10278,19,5028,5017,5011,5005)
(11558,20,5030,5041,5047,5048,5054)
(11705,20,5046,5041,5030,5019,5008)
(10160,20,5003,5008,5019,5030,5041,5052)
(10250,20,5049,5038,5027,5022,5017,5012,5013,5014)
(10202,20,5030,5019,5008,5002,5001)
(10610,20,5027,5016,5005)
(10154,20,5002,5008,5014,5020,5031)
(10246,20,5056,5050,5044,5038,5027)
(10594,20,5053,5047,5041,5030)
(11692,20,5041,5030,5019,5008,5002,5001)
(11790,20,5028,5017,5006)
(10296,20,5027,5038,5044,5050,5056,5057,5058,5059)
(10612,20,5013,5019,5030,5041,5047,5048,5054)
(10012,20,5054,5048,5047,5041,5030,5024,5023)
(10161,20,5015,5014,5019,5030,5041,5046,5051,5056)
(10590,20,5016,5027,5038)
(10614,20,5003,5008,5019,5030,5041,5046,5051)
(11844,20,5031,5025,5019,5008,5003)
(10709,20,5019,5030,5041,5047,5048,5054)
(11849,21,5043,5032,5021,5010)
(11675,21,5052,5041,5030,5019,5008,5003,5004)
(10166,21,5028,5017,5011,5005)
(11674,21,5032,5021,5010)
(10778,21,5051,5046,5041,5030,5019,5008,5003,5004)
(10676,21,5027,5016,5005)
(10021,21,5014,5019,5030,5041,5046,5051)
(11678,21,5030,5019,5008)
(11395,21,5031,5042,5053)
(10601,21,5024,5030,5041,5047,5053)
(10667,21,5053,5047,5041,5030,5019,5014)
(10158,21,5043,5032,5021,5015)
(10643,21,5030,5019,5008)
(11688,21,5015,5014,5019,5030,5041,5046,5051)
(10620,21,5029,5040,5051)
(10755,21,5052,5041,5030,5019,5008,5003)
(10011,21,5029,5040,5051)
(10680,21,5015,5014,5019,5030,5041,5046,5051)
(11695,21,5027,5038,5044,5050,5056,5057,5058)
(10347,22,5053,5047,5041,5030,5024,5018)
(10626,22,5013,5019,5030,5041,5052)
(11427,22,5021,5032,5043,5054)
(10572,22,5041,5030,5019)
(10215,22,5008,5019,5030,5041,5046,5051,5056)
(10771,22,5014,5019,5030,5041,5046,5051)
(10333,22,5019,5030,5041,5052)
(10060,22,5029,5018,5007)
(11940,22,5031,5025,5019,5008,5002)
(10339,22,5056,5051,5046,5041,5030,5019,5008,5003)
(10757,22,5040,5029,5018)
(10762,22,5009,5020,5031)
(11405,22,5032,5026,5025,5024,5018,5012,5011,5005)
(11810,22,5008,5019,5030,5041,5046,5045,5044,5049)
(10760,22,5041,5030,5019,5008,5003)
(11813,22,5004,5003,5008,5019,5030,5041,5046,5045)
(10756,22,5041,5030,5024,5018)
(10303,22,5029,5018,5007)
(10764,22,5003,5008,5019,5030,5041,5046)
(11372,23,5049,5038,5027,5022,5017,5012,5013,5008,5003,5004)
(11534,23,5049,5038,5027,5022,5017,5012,5013,5014)
(10151,23,5008,5019,5030)
(10150,23,5030,5041,5047,5048,5054)
(10723,23,5058,5057,5056,5050,5044,5038,5027)
(11541,23,5006,5012,5013,5019,5030,5041)
(11517,23,5027,5016,5005)
(10313,23,5004,5003,5008,5019,5030,5041,5046,5045,5044)
(11542,23,5027,5016,5005)
(11511,23,5027,5016,5005)
(11883,23,5047,5041,5030,5024,5018,5012,5011,5005)
(10776,23,5051,5040,5029,5018)
(11825,23,5021,5032,5043)
(10587,23,5029,5018,5012,5006)
(10568,23,5030,5024,5018,5012,5011,5005)
(11553,23,5051,5040,5029,5018,5012,5011,5005)
(10634,23,5011,5017,5028,5039)
(11362,23,5054,5048,5042,5031)
(10306,23,5052,5041,5030,5019,5014,5015)
(10633,24,5017,5012,5013,5019,5030,5041,5047,5048,5054)
(11448,24,5013,5019,5030,5041)
(10892,24,5028,5017,5011,5005)
(11470,24,5030,5019,5008)
(10912,24,5002,5008,5014,5020,5031)
(11946,24,5032,5021,5010)
(11807,24,5041,5030,5019,5008,5003,5004)
(10047,24,5052,5041,5030,5019,5008,5003,5004)
(10748,24,5017,5012,5013,5019,5030,5041,5047,5053)
(10646,24,5027,5016,5005)
(11468,24,5014,5019,5030,5041,5046,5045,5044,5049)
(11494,24,5038,5027,5022,5017,5012,5013,5008,5003,5004)
(10000,24,5039,5028,5017,5006)
(10735,24,5030,5041,5047,5053)
(10628,24,5007,5012,5017,5028,5039)
(10135,24,5029,5018,5007)
(11481,24,5027,5016,5005)
(10327,24,5049,5038,5027,5016)
(10754,24,5012,5013,5019,5030,5041,5052)
(10807,25,5032,5043,5054)
(10637,25,5027,5038,5049)
(10801,25,5030,5019,5008,5002)
(10841,25,5054,5048,5047,5041,5030,5024,5023)
(10790,25,5038,5027,5022,5017,5012,5013,5008)
(10777,25,5015,5014,5019,5030,5041,5046,5045,5044,5049)
(10141,25,5009,5020,5031,5042)
(10763,25,5032,5043,5054)
(10698,25,5032,5043,5054)
(10784,25,5008,5019,5030,5041,5046,5045,5044)
(10818,25,5027,5016,5005)
(10146,25,5056,5051,5046,5041,5030,5019,5008,5003)
(10744,25,5013,5019,5030,5041,5047)
(10142,25,5008,5019,5030,5041,5047,5048)
(10765,25,5006,5017,5028,5039,5050)
(11960,25,5021,5032,5043)
(10696,25,5013,5019,5030,5041,5047,5048,5054)
(10893,25,5031,5025,5019,5008,5002,5001)
(10786,25,5052,5041,5030,5019,5008,5002,5001)
(10048,26,5027,5016,5005)
(10863,26,5031,5042,5053)
(11857,26,5031,5025,5019,5008,5002,5001)
(10649,26,5012,5013,5019,5030,5041,5047,5048,5054)
(10781,26,5030,5041,5047,5053)
(10882,26,5013,5019,5030,5041)
(10843,26,5050,5039,5028)
(10889,26,5019,5030,5041,5047,5048)
(10686,26,5015,5014,5019,5030,5041,5046,5051)
(10156,26,5017,5022,5027,5038,5049)
(11957,26,5029,5040,5051)
(10875,26,5045,5046,5041,5030,5019,5008,5003)
(10885,26,5004,5003,5008,5019,5030,5041)
(10872,26,5002,5008,5019,5030,5041,5047,5053)
(10677,26,5006,5017,5022,5027,5038)
(11954,26,5004,5003,5008,5019,5030,5041,5046,5051)
(10682,26,5038,5027,5022,5017,5006)
(11956,26,5054,5048,5047,5041,5030,5024,5023)
(10857,26,5027,5038,5044,5050)
(11461,27,5030,5019,5008,5002)
(11576,27,5006,5017,5028)
(11495,27,5048,5047,5041,5030,5019,5008,5002,5001)
(11863,27,5031,5025,5019,5008,5002,5001)
(11606,27,5028,5017,5011,5005)
(11859,27,5015,5014,5019,5030,5041,5052)
(11555,27,5030,5041,5052)
(11550,27,5009,5020,5031,5042,5048)
(10049,27,5041,5030,5019,5008,5002)
(11581,27,5032,5021,5010)
(11442,27,5032,5026,5025,5019,5008)
(11465,27,5041,5030,5019,5008)
(11596,27,5027,5016,5005)
(11584,27,5032,5043,5054)
(11489,27,5032,5043,5054)
(11508,27,5028,5017,5006)
(12040,27,5019,5030,5041,5047,5053)
(11431,27,5014,5019,5030,5041,5046,5051)
(11856,27,5027,5038,5049)
(11714,28,5008,5019,5030,5041,5046)
(11839,28,5028,5017,5006)
(11747,28,5005,5011,5012,5013,5019,5030)
(11752,28,5013,5019,5030,5041,5052)
(11396,28,5041,5030,5019)
(11823,28,5014,5019,5030,5041,5046,5045,5044,5049)
(11384,28,5030,5019,5008)
(11821,28,5031,5025,5019,5008,5002,5001)
(11880,28,5052,5041,5030,5019,5008,5002)
(11830,28,5050,5044,5038,5027)
(11423,28,5019,5030,5041,5046,5051)
(11407,28,5027,5016,5005)
(11802,28,5031,5025,5019,5008)
(11401,28,5029,5018,5012,5011,5005)
(11397,28,5032,5026,5025,5019,5008,5002)
(11426,28,5032,5026,5025,5019,5008)
(11818,28,5023,5029,5040,5051)
(11878,28,5031,5025,5019,5008,5002)
(11795,28,5005,5011,5017,5028,5039,5050)
(11679,29,5052,5041,5030,5019)
(11737,29,5031,5042,5048,5054)
(11738,29,5017,5012,5013,5019,5030,5041,5047,5053)
(11710,29,5052,5041,5030,5019,5008,5003)
(11843,29,5028,5017,5011,5005)
(11845,29,5028,5039,5050)
(11691,29,5031,5025,5024,5018,5012,5011,5005)
(11715,29,5005,5011,5012,5013,5019,5030,5041,5047,5053)
(11680,29,5008,5019,5030,5041,5046,5051)
(11721,29,5015,5014,5019,5030,5041,5046,5051,5056)
(11649,29,5048,5047,5041,5030,5019)
(11669,29,5018,5029,5040)
(10063,29,5043,5032,5021)
(11708,29,5005,5016,5027,5038,5049)
(11690,29,5004,5003,5008,5019,5030,5041,5052)
(11720,29,5011,5012,5013,5019,5030,5041,5047,5048)
(11646,29,5029,5018,5012,5011,5005)
(11623,29,5013,5019,5030,5041,5047,5048)
(10023,29,5029,5018,5007)
(10102,30,5005,5011,5012,5013,5019,5030,5041,5052)
(11125,30,5030,5019,5008,5002)
(11038,30,5004,5003,5008,5019,5030,5041,5046,5051,5056)
(11036,30,5029,5018,5012,5006)
(11057,30,5028,5017,5006)
(11018,30,5031,5025,5019,5008,5002,5001)
(11142,30,5041,5030,5024,5018,5012)
(10117,30,5017,5028,5039,5050)
(11128,30,5021,5032,5043)
(11130,30,5051,5040,5029)
(11911,30,5018,5029,5040)
(11139,30,5030,5019,5008)
(11040,30,5047,5041,5030,5019,5014)
(11055,30,5002,5008,5019,5030,5041,5047,5048,5054)
(11126,30,5014,5019,5030,5041,5046,5051)
(11076,30,5045,5046,5041,5030,5019,5008)
(11913,30,5020,5031,5042,5048)
(11058,30,5030,5041,5047,5048,5054)
(11029,30,5053,5047,5041,5030,5024,5018,5012)
(10124,31,5005,5011,5012,5013,5014,5020,5031)
(11358,31,5005,5011,5012,5018,5029)
(11277,31,5030,5019,5008)
(11350,31,5030,5019,5008)
(10940,31,5059,5058,5057,5056,5050,5044,5038,5027)
(10128,31,5031,5042,5048,5054)
(10938,31,5056,5051,5046,5041,5030,5019,5008,5003)
(11010,31,5047,5041,5030,5024,5018,5012,5011)
(11347,31,5008,5019,5030,5041,5046,5045,5044)
(11361,31,5010,5021,5032)
(11368,31,5018,5029,5040)
(10941,31,5054,5048,5047,5041,5030,5024,5018,5012,5011)
(10957,31,5004,5003,5008,5019,5030,5041,5052)
(11929,31,5032,5043,5054)
(11349,31,5024,5030,5041,5047,5048,5054)
(11324,31,5051,5040,5029,5018,5007)
(10962,31,5046,5041,5030,5019,5008)
(10067,31,5032,5043,5054)
(10930,31,5047,5041,5030,5024,5018,5012)
(11288,32,5006,5012,5013,5019,5030,5041,5047,5048)
(11311,32,5031,5025,5019,5008,5002)
(11292,32,5048,5047,5041,5030,5019,5008)
(11897,32,5051,5040,5029,5018,5012,5011)
(11303,32,5028,5017,5006)
(11232,32,5030,5019,5008)
(11234,32,5004,5003,5008,5019,5030,5041,5046)
(11184,32,5014,5019,5030,5041,5046,5051)
(11157,32,5015,5014,5019,5030,5041,5052)
(11236,32,5008,5019,5030,5041,5046,5051)
(11304,32,5003,5008,5019,5030,5041,5046,5051,5056)
(11204,32,5051,5046,5041,5030,5019)
(11896,32,5020,5031,5042,5048,5054)
(11151,32,5032,5026,5025,5019,5008,5002)
(12026,32,5005,5011,5017,5028,5039,5050)
(11256,32,5031,5025,5019,5008)
(11314,32,5015,5020,5031,5042,5053)
(11193,32,5049,5038,5027,5022,5017,5012,5013,5014,5015)
(10092,32,5002,5008,5019,5030,5041)
(10443,33,5030,5019,5008,5002,5001)
(10507,33,5031,5025,5019,5008,5002,5001)
(11976,33,5032,5021,5010)
(11990,33,5031,5042,5053)
(10226,33,5041,5030,5024,5018,5012)
(10602,33,5013,5019,5030,5041,5047,5048)
(10208,33,5028,5039,5050)
(12014,33,5005,5011,5012,5013,5019,5030)
(10225,33,5032,5043,5054)
(10600,33,5020,5031,5042)
(10428,33,5032,5043,5054)
(10509,33,5006,5012,5013,5019,5030,5041,5047,5048,5054)
(10426,33,5052,5041,5030,5024,5018)
(11998,33,5019,5030,5041)
(10556,33,5051,5040,5029,5018,5012)
(11146,33,5041,5030,5024,5018,5012,5011)
(10298,33,5051,5040,5029,5018,5012)
(10266,33,5027,5016,5005)
(10442,33,5029,5018,5007)
(10471,34,5005,5011,5012,5013,5019,5030,5041,5047,5048,5054)
(10477,34,5046,5041,5030,5019,5008,5003)
(10458,34,5027,5038,5044,5050,5056,5057,5058)
(10552,34,5007,5012,5017,5028,5039)
(10311,34,5028,5039,5050)
(10564,34,5032,5043,5054)
(10260,34,5039,5028,5017)
(10334,34,5039,5028,5017,5012,5007)
(11985,34,5047,5041,5030,5019,5008,5002)
(10181,34,5032,5043,5054)
(10582,34,5031,5025,5024,5018,5012,5011,5005)
(10253,34,5028,5017,5006)
(10573,34,5054,5048,5042,5031)
(10325,34,5003,5008,5019,5030,5041,5046)
(12008,34,5006,5012,5018,5029,5040,5051)
(10320,34,5054,5048,5047,5041,5030,5019,5008)
(11978,34,5006,5017,5022,5027,5038,5049)
(10456,34,5030,5041,5047,5053)
(10511,34,5048,5047,5041,5030,5024,5018,5012,5011,5005)
(10622,35,5032,5043,5054)
(10609,35,5032,5043,5054)
(10220,35,5051,5040,5029,5018,5012,5006)
(10396,35,5053,5047,5041,5030,5024,5018,5012)
(10388,35,5049,5038,5027,5022,5017)
(10611,35,5021,5032,5043)
(10390,35,5040,5029,5018,5007)
(10395,35,5017,5012,5013,5019,5030,5041,5047,5053)
(10547,35,5002,5008,5019,5030,5041)
(10624,35,5002,5008,5019,5030,5041,5047,5053)
(10392,35,5006,5012,5013,5014,5020,5026,5032)
(10188,35,5019,5030,5041,5046,5045,5044,5049)
(10210,35,5007,5012,5017,5022,5027,5038)
(10448,35,5013,5019,5030,5041)
(10389,35,5030,5041,5052)
(10280,35,5010,5021,5032,5043,5054)
(10523,35,5048,5047,5041,5030,5024,5018,5012)
(11975,35,5020,5031,5042,5048)
(10198,35,5053,5047,5041,5030,5019,5008)
(11619,36,5053,5048,5043,5032,5021,5010)
(10319,36,5006,5012,5013,5019,5030,5041,5047,5048)
(10998,36,5002,5008,5019,5030)
(10498,36,5014,5019,5030,5041,5046,5045,5044,5049)
(10959,36,5051,5046,5041,5030,5019,5008,5003)
(11006,36,5054,5048,5047,5041,5030,5019,5008)
(10422,36,5049,5038,5027,5022,5017,5012,5013,5014,5015)
(10500,36,5003,5008,5019,5030,5041,5046,5045,5044,5049)
(11521,36,5049,5038,5027,5022,5017,5012,5013)
(11522,36,5038,5027,5022,5017,5012,5013,5008,5003,5004)
(12037,36,5056,5051,5046,5041,5030,5019,5008,5003,5004)
(11476,36,5020,5031,5042,5048)
(11936,36,5028,5017,5011,5005)
(10496,36,5041,5030,5019,5008,5002)
(10979,36,5053,5047,5041,5030,5024,5018,5012)
(10213,36,5012,5013,5019,5030,5041)
(10485,36,5020,5031,5042,5053)
(10975,36,5028,5017,5011,5005)
(10848,36,5003,5008,5019,5030,5041,5052)
(10909,37,5029,5040,5051)
(11437,37,5031,5042,5048,5054)
(11503,37,5030,5019,5008,5002)
(10530,37,5051,5040,5029,5018,5012,5011)
(10992,37,5003,5008,5019,5030,5041,5046,5045,5044,5049)
(10907,37,5051,5046,5041,5030,5019,5008,5003)
(10913,37,5030,5019,5008,5002,5001)
(10515,37,5053,5047,5041,5030,5024,5018,5012,5011)
(11488,37,5019,5030,5041,5047,5048,5054)
(10876,37,5024,5030,5041,5047,5053)
(11625,37,5028,5017,5006)
(11498,37,5031,5025,5024,5018,5012,5011,5005)
(10134,37,5046,5041,5030,5019,5008,5003,5004)
(11592,37,5052,5041,5030,5024,5018,5012,5011,5005)
(11922,37,5038,5027,5022,5017,5006)
(10911,37,5030,5019,5008,5002,5001)
(11627,37,5053,5042,5031)
(10982,37,5051,5040,5029,5018,5012,5011)
(10994,37,5049,5038,5027,5016,5005)
(11528,38,5002,5008,5014,5020,5031)
(10291,38,5039,5028,5017)
(10294,38,5041,5030,5019,5008,5002,5001)
(10939,38,5008,5019,5030,5041,5046,5045,5044,5049)
(10176,38,5048,5047,5041,5030,5019,5008,5003)
(10139,38,5038,5027,5016)
(10954,38,5015,5014,5019,5030,5041,5046,5051,5056)
(11861,38,5056,5051,5046,5041,5030,5019,5008)
(10528,38,5008,5014,5020,5026,5032)
(11527,38,5032,5026,5025,5019,5008,5002,5001)
(10522,38,5031,5042,5048,5054)
(10293,38,5047,5041,5030,5024,5018,5012,5011,5005)
(10958,38,5004,5003,5008,5019,5030,5041)
(10532,38,5027,5038,5044,5050,5056,5057,5058,5059)
(10950,38,5031,5025,5019,5008,5002,5001)
(11523,38,5030,5041,5052)
(10952,38,5011,5012,5013,5019,5030,5041,5047,5048,5054)
(10955,38,5043,5032,5021,5015)
(10887,38,5050,5039,5028,5017,5011)
(11174,39,5040,5029,5018)
(11332,39,5053,5047,5041,5030,5019,5014)
(10094,39,5027,5038,5044,5050,5056,5057)
(11339,39,5027,5038,5044,5050,5056,5057,5058)
(10854,39,5029,5018,5012,5006)
(10937,39,5032,5026,5025,5019,5008)
(11168,39,5012,5018,5029,5040)
(11328,39,5008,5019,5030,5041,5046,5045)
(11858,39,5018,5029,5040)
(11974,39,5030,5024,5018,5012,5011,5005)
(10871,39,5027,5038,5044,5050,5056,5057,5058,5059)
(10933,39,5032,5026,5025,5019,5008,5002)
(10368,39,5028,5039,5050)
(11886,39,5030,5024,5018,5012,5011,5005)
(11164,39,5007,5018,5029)
(10931,39,5015,5020,5031,5042,5053)
(10369,39,5051,5040,5029,5018,5007)
(11170,39,5027,5016,5005)
(11537,39,5008,5019,5030,5041,5052)
(10083,40,5007,5018,5029,5040,5051)
(10357,40,5027,5038,5044,5050)
(10068,40,5018,5029,5040)
(11148,40,5027,5016,5005)
(11228,40,5012,5017,5028,5039,5050)
(11903,40,5006,5012,5013,5019,5030,5041,5047,5048,5054)
(11135,40,5045,5046,5041,5030,5019,5008,5003)
(11266,40,5008,5019,5030,5041,5047,5053)
(10409,40,5031,5025,5019,5008,5002,5001)
(11215,40,5045,5046,5041,5030,5019,5008,5003)
(11885,40,5032,5021,5010,5004)
(11145,40,5048,5047,5041,5030,5024,5018,5012,5011)
(10082,40,5027,5016,5005)
(10398,40,5009,5020,5031,5042)
(11355,40,5058,5057,5056,5050,5044,5038,5027)
(10354,40,5008,5019,5030,5041,5047,5048,5054)
(11899,40,5032,5026,5025,5024,5018,5012,5011,5005)
(10362,40,5043,5032,5021,5010)
(10090,40,5006,5012,5013,5019,5030)
(11274,41,5005,5011,5012,5018,5029,5040,5051)
(10329,41,5032,5026,5025,5019,5008)
(11052,41,5002,5008,5014,5020,5026,5032)
(10412,41,5028,5017,5006)
(11295,41,5032,5043,5054)
(10381,41,5008,5019,5030,5041,5046)
(11300,41,5014,5019,5030,5041,5046,5045,5044,5049)
(11301,41,5051,5040,5029,5018,5012,5011)
(11914,41,5019,5030,5041,5047,5048,5054)
(10371,41,5050,5039,5028)
(11194,41,5013,5019,5030,5041,5047,5053)
(11213,41,5007,5018,5029,5040)
(11075,41,5050,5039,5028)
(11433,41,5043,5032,5021,5010)
(11187,41,5004,5003,5008,5019,5030,5041,5046,5045,5044,5049)
(10438,41,5008,5014,5020,5026,5032)
(11436,41,5051,5046,5041,5030,5019,5008,5003,5004)
(10088,41,5032,5021,5010)
(10113,41,5052,5041,5030,5024,5018,5012,5011)
(11875,42,5012,5018,5029,5040,5051)
(11025,42,5019,5030,5041,5046,5045,5044,5049)
(11104,42,5002,5008,5019,5030,5041,5047)
(10441,42,5049,5038,5027,5016)
(11017,42,5006,5012,5013,5019,5030,5041,5047)
(11024,42,5031,5042,5048,5054)
(11469,42,5049,5038,5027,5016,5005)
(11445,42,5048,5047,5041,5030,5019)
(11031,42,5051,5046,5041,5030,5019,5008)
(11422,42,5031,5025,5024,5018,5012,5011,5005)
(11961,42,5056,5051,5046,5041,5030,5019)
(10352,42,5024,5030,5041,5047,5053)
(11043,42,5004,5003,5008,5019,5030,5041,5046,5045)
(11918,42,5006,5017,5022,5027,5038)
(11365,42,5003,5008,5019,5030,5041,5046,5045,5044)
(10353,42,5032,5026,5025,5019,5008)
(11054,42,5019,5030,5041,5047,5048)
(11051,42,5029,5018,5012,5006)
(10464,42,5027,5016,5005)
(11392,43,5048,5047,5041,5030,5019,5008,5002)
(11082,43,5027,5038,5044,5050,5056,5057)
(11411,43,5009,5020,5031,5042,5053)
(10453,43,5049,5038,5027,5022,5017,5012,5013,5008,5003)
(11376,43,5053,5047,5041,5030,5019)
(11758,43,5030,5019,5008,5002,5001)
(11410,43,5003,5008,5019,5030,5041,5046,5045,5044,5049)
(11103,43,5011,5012,5013,5019,5030,5041,5047,5053)
(11399,43,5052,5041,5030,5019,5008,5003,5004)
(11666,43,5023,5029,5040,5051)
(11879,43,5009,5020,5031)
(10345,43,5028,5017,5006)
(11759,43,5047,5041,5030,5024,5018,5012)
(10108,43,5024,5030,5041,5047,5048,5054)
(11381,43,5052,5041,5030,5024,5018,5012,5011)
(11116,43,5038,5027,5022,5017,5012,5013,5008)
(11013,43,5048,5047,5041,5030,5019,5008,5002,5001)
(10336,43,5029,5018,5012,5011,5005)
(11416,43,5038,5027,5022,5017,5006)
(10239,44,5011,5012,5018,5029,5040,5051)
(10273,44,5006,5012,5013,5019,5030,5041,5052)
(11804,44,5013,5019,5030,5041)
(10693,44,5019,5030,5041,5047,5048)
(11799,44,5030,5041,5047,5048,5054)
(10585,44,5024,5030,5041,5052)
(10658,44,5028,5017,5011,5005)
(10567,44,5020,5031,5042,5048,5054)
(11938,44,5031,5025,5019,5008,5002,5001)
(11801,44,5045,5046,5041,5030,5019,5008,5003,5004)
(10815,44,5008,5019,5030,5041,5046,5045)
(10730,44,5051,5040,5029,5018,5012,5011)
(11746,44,5005,5011,5017,5028,5039)
(11742,44,5032,5021,5010)
(11648,44,5052,5041,5030,5024,5018,5012,5011,5005)
(10168,44,5008,5019,5030,5041,5046,5045,5044,5049)
(10665,44,5023,5029,5040,5051)
(11652,44,5002,5008,5019,5030,5041,5047,5048,5054)
(11757,44,5004,5003,5008,5019,5030,5041,5046,5045,5044)
(10227,45,5017,5012,5013,5019,5030,5041,5047,5048,5054)
(10672,45,5048,5047,5041,5030,5019,5008,5002)
(10554,45,5030,5024,5018,5012,5011,5005)
(10555,45,5005,5011,5017,5028,5039,5050)
(10681,45,5028,5017,5011,5005)
(11848,45,5021,5032,5043,5054)
(10152,45,5029,5018,5007)
(11968,45,5041,5030,5019,5008,5003,5004)
(10766,45,5051,5040,5029)
(10157,45,5051,5040,5029,5018,5007)
(10724,45,5019,5030,5041)
(10707,45,5013,5019,5030,5041,5047,5053)
(11643,45,5004,5009,5020,5031,5042)
(11664,45,5031,5042,5048,5054)
(11702,45,5031,5042,5053)
(10546,45,5046,5041,5030,5019,5008)
(10574,45,5017,5022,5027,5038,5049)
(11850,45,5007,5018,5029,5040)
(11963,45,5051,5046,5041,5030,5019)
(10782,46,5028,5017,5011,5005)
(10265,46,5031,5042,5053)
(10149,46,5011,5012,5013,5019,5030,5041,5047)
(11827,46,5051,5040,5029,5018)
(11829,46,5039,5028,5017)
(11958,46,5020,5031,5042,5048,5054)
(10221,46,5032,5043,5054)
(10645,46,5038,5027,5022,5017,5012,5013,5008,5003,5004)
(11942,46,5003,5008,5019,5030,5041,5046,5051,5056)
(10710,46,5032,5021,5010,5004)
(11852,46,5032,5043,5054)
(11642,46,5031,5042,5053)
(10739,46,5024,5030,5041,5047,5048,5054)
(11832,46,5008,5019,5030,5041)
(10706,46,5054,5048,5047,5041,5030,5024,5018,5012,5011)
(10740,46,5048,5047,5041,5030,5024,5018,5012)
(10741,46,5031,5025,5019,5008,5003)
(11729,46,5002,5008,5019,5030)
(11950,46,5047,5041,5030,5019,5008,5002)
(11100,47,5027,5016,5005)
(10648,47,5038,5027,5022,5017,5012,5013,5008,5003)
(11768,47,5005,5011,5012,5013,5014,5020,5026,5032)
(10701,47,5027,5038,5044,5050,5056,5057,5058)
(10057,47,5032,5026,5025,5019,5008,5002)
(11969,47,5054,5048,5047,5041,5030,5024,5018,5012,5011,5005)
(10269,47,5029,5018,5012,5006)
(10262,47,5014,5019,5030,5041,5052)
(10824,47,5031,5025,5019,5008,5002)
(11851,47,5032,5043,5054)
(10165,47,5032,5026,5025,5019,5008,5002,5001)
(11085,47,5045,5046,5041,5030,5019,5008)
(11420,47,5052,5041,5030)
(11833,47,5054,5048,5047,5041,5030,5024,5018,5012,5011,5005)
(10703,47,5050,5039,5028,5017,5011)
(10654,47,5028,5017,5011,5005)
(10702,47,5004,5003,5008,5019,5030,5041,5052)
(11762,47,5053,5047,5041,5030,5019)
(11767,47,5004,5003,5008,5019,5030,5041,5046,5045,5044)
(11982,48,5032,5026,5025,5019,5008)
(11455,48,5027,5038,5049)
(11087,48,5032,5026,5025,5019,5008,5002)
(10120,48,5038,5027,5022,5017,5006)
(10457,48,5051,5040,5029,5018,5012,5011,5005)
(10470,48,5038,5027,5022,5017,5006)
(11019,48,5029,5018,5012,5006)
(10203,48,5016,5027,5038)
(11064,48,5019,5030,5041)
(10323,48,5051,5046,5041,5030,5019,5008,5003)
(11763,48,5052,5041,5030,5024,5018,5012,5011)
(11044,48,5030,5041,5047,5053)
(11728,48,5032,5026,5025,5024,5018,5012,5011,5005)
(10184,48,5028,5017,5011,5005)
(11097,48,5040,5029,5018,5007)
(11945,48,5008,5019,5030)
(10050,48,5041,5030,5024,5018,5012,5011,5005)
(10322,48,5031,5025,5019,5008,5003)
(11453,48,5031,5025,5019,5008,5002,5001)
(10066,49,5002,5008,5019,5030,5041,5047,5053)
(10195,49,5016,5027,5038)
(11069,49,5040,5029,5018,5007)
(11072,49,5039,5028,5017,5012,5007)
(12016,49,5054,5048,5047,5041,5030,5024,5023)
(11047,49,5032,5043,5054)
(10111,49,5056,5051,5046,5041,5030,5019,5008)
(10736,49,5032,5043,5054)
(11059,49,5031,5042,5048,5054)
(10241,49,5011,5012,5013,5019,5030,5041,5047,5048)
(10725,49,5056,5051,5046,5041,5030,5019,5008,5003)
(11756,49,5032,5026,5025,5019,5008)
(11046,49,5031,5042,5053)
(10459,49,5021,5032,5043,5054)
(10114,49,5019,5030,5041,5046,5045,5044,5049)
(11430,49,5029,5018,5012,5006)
(11874,49,5005,5011,5012,5018,5029)
(11078,49,5027,5016,5005)
(10467,49,5002,5008,5019,5030,5041,5047,5053)
(10417,50,5027,5038,5044,5050,5056,5057,5058,5059)
(11281,50,5017,5012,5013,5019,5030,5041,5052)
(10372,50,5030,5024,5018,5012,5011,5005)
(10375,50,5045,5046,5041,5030,5019,5008,5003,5004)
(11185,50,5012,5013,5019,5030,5041,5047)
(11199,50,5011,5012,5013,5019,5030,5041,5047,5048)
(11282,50,5012,5013,5019,5030,5041,5047,5048,5054)
(11203,50,5032,5043,5054)
(11994,50,5011,5017,5028,5039,5050)
(10666,50,5047,5041,5030,5019,5014)
(11254,50,5002,5008,5019,5030,5041,5047,5048,5054)
(10080,50,5027,5038,5044,5050,5056)
(10089,50,5027,5016,5005)
(11312,50,5052,5041,5030)
(11210,50,5007,5012,5017,5022,5027,5038,5049)
(11182,50,5053,5047,5041,5030,5024,5018,5012,5011)
(11908,50,5032,5026,5025,5019,5008,5002,5001)
(10222,50,5030,5019,5008)
(11806,50,5015,5014,5019,5030,5041,5052)
(10636,51,5028,5017,5011,5005)
(10623,51,5029,5018,5007)
(11800,51,5040,5029,5018,5007)
(11902,51,5051,5040,5029,5018,5012,5006)
(10642,51,5031,5025,5019,5008,5002)
(10627,51,5051,5046,5041,5030,5019,5008,5003)
(10433,51,5056,5051,5046,5041,5030,5019,5008,5003)
(10391,51,5053,5047,5041,5030,5019,5008,5002,5001)
(11826,51,5056,5051,5046,5041,5030,5019,5008,5003,5004)
(11817,51,5030,5041,5047,5053)
(10619,51,5006,5017,5022,5027,5038)
(10647,51,5004,5003,5008,5019,5030,5041,5046,5045,5044,5049)
(10432,51,5047,5041,5030,5024,5018,5012)
(11222,51,5017,5012,5013,5019,5030,5041,5047,5048,5054)
(10382,51,5008,5019,5030,5041,5046,5051,5056)
(11252,51,5004,5003,5008,5019,5030,5041,5046,5045)
(11243,51,5047,5041,5030,5024,5018)
(11367,51,5031,5042,5048,5054)
(10384,51,5020,5031,5042)
(10689,52,5029,5040,5051)
(10447,52,5051,5046,5041,5030,5019,5008,5003)
(10674,52,5017,5012,5013,5019,5030,5041,5052)
(12013,52,5030,5041,5047,5048,5054)
(10592,52,5015,5014,5019,5030,5041,5046,5045,5044,5049)
(10062,52,5053,5047,5041,5030)
(10230,52,5041,5030,5019,5008,5002)
(11889,52,5054,5048,5047,5041,5030)
(11105,52,5051,5040,5029,5018,5012,5006)
(10236,52,5029,5018,5012,5006)
(11873,52,5032,5043,5054)
(10367,52,5051,5046,5041,5030,5019,5008,5003,5004)
(10451,52,5017,5012,5013,5019,5030,5041,5047,5053)
(11951,52,5024,5030,5041,5047,5053)
(11320,52,5019,5030,5041,5047)
(11836,52,5011,5012,5013,5019,5030,5041)
(10668,52,5032,5026,5025,5019,5008,5002,5001)
(11837,52,5032,5043,5054)
(10191,52,5029,5040,5051)
(10167,53,5027,5038,5044,5050)
(11159,53,5047,5041,5030,5024,5018,5012,5011)
(11545,53,5008,5014,5020,5031)
(11354,53,5006,5012,5013,5019,5030,5041,5047,5048)
(11887,53,5051,5040,5029,5018,5007)
(10229,53,5049,5038,5027,5016,5005)
(10300,53,5039,5028,5017,5012,5007)
(10010,53,5053,5047,5041,5030,5024,5018,5012)
(10340,53,5020,5031,5042)
(10918,53,5030,5019,5008)
(11544,53,5051,5046,5041,5030,5019,5008,5003)
(12043,53,5003,5008,5019,5030,5041,5046,5051)
(10919,53,5054,5043,5032)
(12045,53,5019,5030,5041,5052)
(10917,53,5040,5029,5018,5007)
(11333,53,5047,5041,5030,5019,5008,5002,5001)
(11782,53,5048,5047,5041,5030,5024,5018,5012,5011,5005)
(11547,53,5018,5029,5040,5051)
(11798,53,5052,5041,5030,5019,5008,5002,5001)
(12019,54,5029,5018,5012,5011,5005)
(11564,54,5050,5044,5038,5027)
(11562,54,5027,5038,5044,5050)
(11665,54,5047,5041,5030,5024,5018)
(11569,54,5031,5025,5019,5008,5002)
(10516,54,5049,5038,5027)
(10915,54,5014,5019,5030,5041,5046,5051,5056)
(11554,54,5038,5027,5022,5017,5006)
(10946,54,5028,5017,5011,5005)
(11686,54,5053,5047,5041,5030,5024,5018,5012,5011,5005)
(10806,54,5053,5047,5041,5030,5019,5008,5003)
(10964,54,5006,5017,5028,5039,5050)
(10772,54,5049,5038,5027,5022,5017,5006)
(10902,54,5004,5009,5020,5031,5042,5053)
(10805,54,5053,5048,5043,5032,5021,5010)
(10563,54,5006,5012,5013,5019,5030,5041,5047,5048,5054)
(10774,54,5006,5017,5028)
(11979,54,5030,5041,5052)
(11567,54,5041,5030,5024,5018,5012)
(10027,55,5024,5030,5041,5047,5053)
(10845,55,5027,5016,5005)
(11670,55,5004,5003,5008,5019,5030,5041,5046,5045,5044,5049)
(11529,55,5027,5016,5005)
(10028,55,5041,5030,5019,5008,5002,5001)
(10557,55,5048,5047,5041,5030,5024,5018,5012,5011,5005)
(11934,55,5056,5050,5044,5038,5027)
(10793,55,5027,5016,5005)
(11532,55,5018,5029,5040,5051)
(10199,55,5054,5048,5042,5031)
(10846,55,5015,5014,5019,5030,5041,5052)
(10822,55,5050,5039,5028,5017,5006)
(10949,55,5040,5029,5018,5012,5011)
(11617,55,5053,5047,5041,5030,5024,5018,5012)
(10847,55,5032,5026,5025,5019,5008,5002)
(10942,55,5056,5051,5046,5041,5030,5019)
(10927,55,5007,5012,5017,5022,5027,5038,5049)
(12041,55,5024,5030,5041,5052)
(10823,55,5053,5047,5041,5030,5019,5008)
(11636,56,5049,5038,5027,5022,5017)
(10808,56,5053,5042,5031)
(10029,56,5038,5027,5016,5005)
(12003,56,5030,5041,5047,5053)
(11655,56,5038,5027,5022,5017,5012,5013,5008,5003)
(10873,56,5012,5017,5028,5039,5050)
(11973,56,5053,5047,5041,5030)
(10292,56,5032,5043,5054)
(11654,56,5014,5019,5030,5041,5052)
(10839,56,5030,5041,5052)
(11977,56,5056,5051,5046,5041,5030,5019,5014,5015)
(11933,56,5029,5040,5051)
(10881,56,5056,5051,5046,5041,5030,5019,5008,5003,5004)
(11622,56,5006,5012,5013,5019,5030,5041,5047,5048)
(10874,56,5049,5038,5027,5022,5017,5012,5013,5008,5003,5004)
(11628,56,5024,5030,5041,5047,5053)
(12002,56,5012,5017,5022,5027,5038,5049)
(11583,56,5012,5013,5019,5030,5041,5047,5048,5054)
(10279,56,5032,5043,5054)
(12042,57,5028,5017,5011,5005)
(11980,57,5039,5028,5017,5012,5007)
(11505,57,5050,5039,5028,5017,5011)
(10537,57,5039,5028,5017,5011)
(11483,57,5054,5048,5047,5041,5030,5024,5018)
(10020,57,5051,5040,5029,5018,5012,5006)
(10534,57,5008,5019,5030,5041,5047,5053)
(10043,57,5027,5038,5044,5050,5056,5057,5058)
(11598,57,5005,5011,5012,5018,5029)
(10197,57,5012,5017,5022,5027,5038,5049)
(10767,57,5038,5027,5016)
(10245,57,5006,5012,5013,5019,5030,5041,5047,5048)
(11497,57,5006,5012,5013,5019,5030,5041,5047,5048)
(10987,57,5027,5016,5005)
(10985,57,5045,5046,5041,5030,5019,5008,5003,5004)
(10495,57,5012,5013,5019,5030,5041,5047,5048)
(10486,57,5014,5019,5030,5041,5046,5051)
(10536,57,5016,5027,5038)
(10318,57,5015,5014,5019,5030,5041,5052)
(10970,58,5002,5008,5019,5030,5041,5047)
(10259,58,5017,5012,5013,5019,5030,5041,5047,5053)
(11519,58,5043,5032,5021,5010)
(10579,58,5027,5016,5005)
(11475,58,5012,5013,5019,5030,5041,5047,5048,5054)
(10490,58,5048,5047,5041,5030,5019,5008,5003)
(10578,58,5017,5012,5013,5019,5030,5041,5052)
(11514,58,5046,5041,5030,5019,5008)
(11491,58,5019,5030,5041,5052)
(10747,58,5002,5008,5014,5020,5026,5032)
(10997,58,5041,5030,5024,5018)
(11520,58,5049,5038,5027,5022,5017,5012,5013)
(10491,58,5046,5041,5030,5019,5008)
(11510,58,5030,5041,5047,5053)
(10247,58,5013,5019,5030,5041,5047)
(11724,58,5006,5012,5013,5019,5030)
(11726,58,5032,5026,5025,5019,5008)
(11919,58,5032,5026,5025,5019,5008,5002,5001)
(10991,58,5053,5047,5041,5030,5019,5008,5003)
(11997,59,5013,5019,5030,5041,5047,5048)
(11853,59,5051,5046,5041,5030,5019,5008,5003,5004)
(11291,59,5015,5020,5031,5042,5053)
(11809,59,5041,5030,5019,5008,5002)
(11487,59,5007,5018,5029,5040)
(11244,59,5006,5012,5013,5019,5030,5041,5047,5053)
(10286,59,5014,5019,5030,5041,5046,5051)
(11635,59,5020,5031,5042,5048,5054)
(11299,59,5032,5026,5025,5019,5008)
(10287,59,5008,5019,5030,5041,5052)
(11653,59,5051,5046,5041,5030,5019,5008,5003)
(10212,59,5008,5019,5030,5041,5046)
(10376,59,5054,5048,5047,5041,5030)
(11485,59,5027,5016,5005)
(10003,59,5030,5041,5052)
(10016,59,5030,5041,5047,5053)
(10314,59,5031,5025,5019,5008,5003)
(10054,59,5008,5019,5030,5041,5046,5045,5044,5049)
(10053,59,5019,5030,5041,5046,5045,5044,5049)
(11612,60,5047,5041,5030,5019,5008)
(11634,60,5023,5029,5040,5051)
(11269,60,5030,5019,5008)
(10370,60,5024,5030,5041,5047,5053)
(10324,60,5039,5028,5017,5012,5007)
(10002,60,5048,5047,5041,5030,5024,5018,5012)
(11609,60,5049,5038,5027,5022,5017,5012,5013,5008,5003,5004)
(11305,60,5019,5030,5041,5047,5048,5054)
(11479,60,5008,5019,5030,5041,5046,5051,5056)
(11610,60,5017,5012,5013,5019,5030,5041,5047,5053)
(10189,60,5005,5011,5012,5013,5019,5030,5041,5047,5048,5054)
(11855,60,5052,5041,5030,5019,5008,5002,5001)
(11641,60,5032,5043,5054)
(11650,60,5050,5044,5038,5027)
(11459,60,5005,5011,5012,5013,5014,5020,5031)
(10017,60,5052,5041,5030,5024,5018,5012,5011)
(11457,60,5048,5047,5041,5030,5019,5008,5003)
(10289,60,5027,5016,5005)
(11716,60,5051,5040,5029,5018)
(11731,61,5031,5025,5019,5008,5002)
(11772,61,5017,5022,5027,5038,5049)
(11603,61,5017,5012,5013,5019,5030,5041,5047,5048,5054)
(11477,61,5030,5041,5052)
(11601,61,5028,5017,5006)
(11667,61,5052,5041,5030,5019,5014)
(11467,61,5019,5030,5041,5047,5053)
(11599,61,5047,5041,5030,5019,5008,5002)
(10379,61,5031,5042,5048,5054)
(10321,61,5006,5012,5013,5019,5030,5041,5047)
(10283,61,5041,5030,5019,5008,5002)
(11280,61,5047,5041,5030,5019,5008,5002,5001)
(11270,61,5040,5029,5018,5012,5011)
(11828,61,5048,5047,5041,5030,5024,5018,5012)
(11456,61,5052,5041,5030,5019,5008,5002)
(11696,61,5019,5030,5041,5052)
(11814,61,5031,5042,5053)
(11770,61,5027,5038,5049)
(11284,61,5039,5028,5017)
(11424,62,5027,5038,5044,5050)
(11374,62,5051,5046,5041,5030,5019,5014)
(10309,62,5040,5029,5018)
(10344,62,5005,5011,5012,5013,5019,5030,5041)
(11400,62,5011,5012,5013,5019,5030,5041,5047)
(11753,62,5028,5017,5011,5005)
(11385,62,5002,5008,5019,5030)
(11681,62,5006,5012,5013,5014,5020,5026,5032)
(11868,62,5041,5030,5019)
(11524,62,5030,5024,5018,5012,5011,5005)
(11846,62,5030,5041,5052)
(10342,62,5038,5027,5022,5017,5006)
(11867,62,5027,5038,5049)
(11536,62,5031,5042,5053)
(10039,62,5030,5041,5047,5048,5054)
(11866,62,5030,5019,5008)
(10350,62,5039,5028,5017,5012,5007)
(11754,62,5005,5011,5017,5028,5039,5050)
(11871,62,5043,5032,5021,5010)
(11577,63,5009,5020,5026,5032)
(11713,63,5013,5019,5030,5041,5047,5053)
(11689,63,5010,5021,5032)
(11574,63,5029,5018,5012,5006)
(10026,63,5030,5041,5047,5048,5054)
(11341,63,5057,5056,5050,5044,5038,5027)
(10013,63,5050,5039,5028)
(11331,63,5029,5018,5007)
(11408,63,5047,5041,5030,5024,5018,5012,5011)
(11330,63,5031,5042,5053)
(10194,63,5054,5043,5032,5021,5010)
(11761,63,5019,5030,5041,5047,5048)
(10263,63,5017,5028,5039)
(10366,63,5016,5027,5038)
(11694,63,5045,5046,5041,5030,5019,5008,5003,5004)
(11736,63,5027,5016,5005)
(10261,63,5017,5012,5013,5019,5030,5041,5047,5048,5054)
(11417,63,5018,5029,5040,5051)
(11760,63,5047,5041,5030,5019,5014)
(11449,64,5029,5018,5012,5006)
(10307,64,5027,5038,5044,5050,5056,5057,5058)
(11699,64,5029,5040,5051)
(12036,64,5023,5029,5040,5051)
(10301,64,5019,5030,5041,5047,5048)
(11662,64,5005,5011,5012,5013,5019,5030,5041)
(10025,64,5007,5012,5017,5028,5039)
(10316,64,5005,5011,5012,5018,5029,5040,5051)
(11834,64,5015,5014,5019,5030,5041,5046,5051)
(11548,64,5019,5030,5041,5047,5048,5054)
(11435,64,5045,5046,5041,5030,5019,5008)
(11783,64,5024,5030,5041,5047,5053)
(10331,64,5056,5051,5046,5041,5030,5019)
(11549,64,5002,5008,5019,5030,5041,5052)
(10315,64,5032,5021,5010,5004)
(11432,64,5047,5041,5030,5019,5008)
(11502,64,5057,5056,5050,5044,5038,5027)
(11776,64,5017,5012,5013,5019,5030,5041,5047,5048,5054)
(11335,64,5027,5016,5005)
(10603,65,5048,5047,5041,5030,5024,5018,5012)
(11931,65,5020,5031,5042,5048,5054)
(11162,65,5040,5029,5018,5012)
(10308,65,5027,5038,5044,5050)
(11970,65,5019,5030,5041,5052)
(10589,65,5053,5047,5041,5030,5019,5008,5002,5001)
(10452,65,5005,5011,5012,5018,5029)
(11156,65,5020,5031,5042)
(12027,65,5006,5017,5028,5039)
(11094,65,5054,5048,5042,5031)
(12030,65,5006,5012,5013,5019,5030,5041,5047)
(11360,65,5006,5017,5022,5027,5038)
(10126,65,5052,5041,5030,5024,5023)
(10990,65,5011,5012,5013,5019,5030,5041,5047,5048)
(11363,65,5028,5017,5006)
(11165,65,5030,5019,5008)
(10562,65,5028,5017,5006)
(10678,65,5014,5019,5030,5041,5046,5051)
(10788,65,5030,5019,5008)
(11086,66,5039,5028,5017,5011)
(10948,66,5029,5018,5012,5006)
(10605,66,5041,5030,5019)
(11943,66,5051,5040,5029,5018,5012,5011,5005)
(11169,66,5039,5028,5017,5012,5007)
(11119,66,5032,5043,5054)
(10444,66,5049,5038,5027,5022,5017,5012,5013,5014,5015)
(11993,66,5017,5012,5013,5019,5030,5041,5047,5048,5054)
(11084,66,5046,5041,5030,5019,5008,5003,5004)
(10789,66,5051,5040,5029,5018,5012,5006)
(11176,66,5038,5027,5022,5017,5012,5013,5008,5003)
(10175,66,5019,5030,5041,5046,5051)
(11134,66,5027,5038,5044,5050,5056)
(10943,66,5047,5041,5030,5019,5008,5002,5001)
(11189,66,5038,5027,5022,5017,5012,5013,5008)
(10593,66,5012,5013,5019,5030,5041,5047,5048)
(11909,66,5014,5019,5030,5041,5052)
(10945,66,5049,5038,5027,5022,5017,5012,5013,5008)
(11188,66,5047,5041,5030,5019,5008,5002,5001)
(11003,67,5017,5012,5013,5019,5030,5041,5052)
(10960,67,5045,5046,5041,5030,5019,5008,5003,5004)
(10770,67,5017,5022,5027,5038,5049)
(11129,67,5008,5019,5030,5041,5046,5045)
(11910,67,5027,5016,5005)
(11924,67,5027,5038,5044,5050,5056)
(10967,67,5041,5030,5024,5018)
(11901,67,5047,5041,5030,5019,5008,5002)
(10934,67,5047,5041,5030,5024,5018,5012,5011,5005)
(11952,67,5020,5031,5042)
(10449,67,5048,5047,5041,5030,5024,5018,5012)
(10429,67,5052,5041,5030,5019)
(10580,67,5020,5031,5042,5048)
(10965,67,5011,5012,5013,5019,5030,5041,5047,5053)
(11124,67,5017,5012,5013,5019,5030,5041,5047,5053)
(10968,67,5043,5032,5021,5015)
(10773,67,5024,5030,5041,5052)
(11143,67,5008,5014,5020,5026,5032)
(10691,67,5015,5014,5019,5030,5041,5046,5045,5044,5049)
(11915,68,5030,5019,5008)
(10408,68,5007,5018,5029,5040,5051)
(11905,68,5052,5041,5030,5019,5014,5015)
(10836,68,5030,5019,5008,5002)
(10729,68,5041,5030,5024,5018)
(10859,68,5047,5041,5030,5019)
(10802,68,5049,5038,5027,5022,5017,5012,5013,5014)
(10849,68,5017,5028,5039,5050)
(10858,68,5032,5026,5025,5019,5008,5002)
(11060,68,5005,5011,5012,5013,5019,5030,5041)
(11917,68,5046,5041,5030,5019,5008)
(10850,68,5053,5047,5041,5030,5024,5023)
(10683,68,5027,5038,5044,5050,5056)
(10838,68,5027,5038,5044,5050,5056,5057,5058,5059)
(10183,68,5031,5042,5053)
(11152,68,5031,5042,5053)
(12028,68,5054,5048,5047,5041,5030,5024,5018,5012,5011)
(10657,68,5048,5047,5041,5030,5019,5008,5003)
(11065,68,5040,5029,5018,5012,5011,5005)
(10481,69,5011,5012,5013,5019,5030,5041)
(10662,69,5040,5029,5018,5012,5006)
(11988,69,5009,5020,5031,5042,5048,5054)
(10607,69,5040,5029,5018,5012,5006)
(10819,69,5008,5019,5030,5041)
(11049,69,5050,5039,5028,5017,5006)
(10400,69,5032,5026,5025,5024,5018,5012,5011,5005)
(11192,69,5006,5017,5028,5039,5050)
(10659,69,5030,5024,5018,5012,5011,5005)
(11050,69,5051,5046,5041,5030,5019,5014,5015)
(12033,69,5005,5011,5017,5028,5039,5050)
(10172,69,5052,5041,5030,5019,5014)
(10535,69,5039,5028,5017,5011,5005)
(10122,69,5048,5047,5041,5030,5019,5008,5002)
(10475,69,5031,5025,5019,5008)
(10415,69,5053,5047,5041,5030,5024,5018,5012,5011,5005)
(10531,69,5017,5028,5039,5050)
(10630,69,5041,5030,5019,5008)
(10825,69,5032,5043,5054)
(11039,70,5056,5051,5046,5041,5030,5019,5008,5003,5004)
(11032,70,5002,5008,5019,5030,5041,5052)
(11033,70,5017,5012,5013,5019,5030,5041,5047,5048,5054)
(12032,70,5031,5025,5019,5008,5002,5001)
(11525,70,5032,5026,5025,5019,5008)
(11454,70,5047,5041,5030,5024,5018,5012)
(11730,70,5031,5042,5048,5054)
(11020,70,5030,5019,5008,5002,5001)
(10504,70,5031,5042,5048,5054)
(10310,70,5032,5026,5025,5019,5008,5002,5001)
(10661,70,5032,5026,5025,5019,5008,5002,5001)
(10015,70,5006,5012,5013,5019,5030)
(11840,70,5054,5048,5047,5041,5030,5024,5018)
(11201,70,5041,5030,5024,5018,5012)
(10575,70,5027,5038,5049)
(11021,70,5019,5030,5041,5046,5051,5056)
(10737,70,5040,5029,5018,5012,5011,5005)
(10473,70,5006,5012,5013,5019,5030,5041,5052)
(10472,70,5024,5030,5041,5052)
(10478,71,5050,5039,5028,5017,5011,5005)
(11466,71,5010,5021,5032,5043)
(11500,71,5010,5021,5032)
(11719,71,5032,5043,5054)
(10742,71,5015,5014,5019,5030,5041,5046,5051,5056)
(10983,71,5029,5018,5012,5006)
(11501,71,5032,5026,5025,5024,5018,5012,5011,5005)
(10018,71,5027,5016,5005)
(11504,71,5056,5051,5046,5041,5030,5019,5008,5003,5004)
(11009,71,5032,5043,5054)
(10147,71,5006,5012,5013,5014,5020,5026,5032)
(11499,71,5002,5008,5014,5020,5031)
(11000,71,5013,5019,5030,5041,5047,5048)
(10995,71,5054,5048,5047,5041,5030,5024,5023)
(11004,71,5008,5014,5020,5026,5032)
(11493,71,5027,5038,5044,5050,5056)
(10731,71,5011,5017,5028,5039)
(10254,71,5002,5008,5019,5030)
(11733,71,5051,5040,5029,5023)
(10799,72,5002,5008,5019,5030,5041,5047,5048)
(11023,72,5017,5012,5013,5019,5030,5041,5047,5053)
(10855,72,5045,5046,5041,5030,5019,5008,5003)
(11920,72,5003,5008,5019,5030,5041)
(11671,72,5013,5019,5030,5041,5052)
(11602,72,5032,5026,5025,5019,5008,5002,5001)
(11496,72,5028,5017,5006)
(12009,72,5048,5047,5041,5030,5024,5018)
(11711,72,5027,5016,5005)
(11042,72,5049,5038,5027,5016)
(10795,72,5049,5038,5027,5022,5017,5006)
(11604,72,5032,5043,5054)
(10144,72,5050,5039,5028,5017,5011)
(10856,72,5030,5024,5018,5012,5011,5005)
(10270,72,5030,5041,5047,5048,5054)
(11725,72,5052,5041,5030,5024,5018)
(10129,72,5007,5018,5029)
(11613,72,5030,5019,5008,5002)
(10866,72,5057,5056,5050,5044,5038,5027)
(10171,73,5008,5019,5030,5041,5047,5053)
(11594,73,5039,5028,5017,5006)
(10890,73,5047,5041,5030,5024,5018,5012,5011,5005)
(10551,73,5054,5048,5047,5041,5030,5024,5018,5012,5011,5005)
(10524,73,5056,5051,5046,5041,5030,5019,5014,5015)
(11631,73,5011,5012,5013,5019,5030,5041,5047,5053)
(10814,73,5030,5019,5008,5002,5001)
(10791,73,5052,5041,5030,5019,5014)
(11972,73,5054,5043,5032,5021,5015)
(10274,73,5051,5046,5041,5030,5019,5008)
(10031,73,5031,5042,5053)
(10879,73,5032,5021,5010)
(10878,73,5030,5024,5018,5012,5011,5005)
(11673,73,5021,5032,5043,5054)
(11644,73,5027,5038,5049)
(10170,73,5019,5030,5041,5046,5051)
(10826,73,5046,5041,5030,5019,5008,5003,5004)
(10830,73,5031,5042,5048,5054)
(11676,73,5017,5028,5039,5050)
(11560,74,5056,5051,5046,5041,5030,5019,5008,5003)
(11559,74,5003,5008,5019,5030,5041,5046,5051,5056)
(11552,74,5028,5017,5011,5005)
(11546,74,5038,5027,5022,5017,5012,5013,5008,5003)
(10910,74,5056,5050,5044,5038,5027)
(10539,74,5032,5043,5054)
(11658,74,5052,5041,5030,5024,5018,5012)
(11557,74,5006,5012,5013,5019,5030,5041,5047,5053)
(12024,74,5045,5046,5041,5030,5019,5008,5003)
(11561,74,5032,5026,5025,5024,5018,5012,5011,5005)
(12020,74,5027,5038,5044,5050,5056,5057,5058)
(10769,74,5038,5027,5016,5005)
(10304,74,5030,5019,5008,5002)
(11624,74,5038,5027,5022,5017,5012,5013,5008)
(11629,74,5019,5030,5041,5047,5048,5054)
(10024,74,5028,5017,5011,5005)
(12004,74,5028,5017,5006)
(10542,74,5020,5031,5042,5053)
(10514,74,5054,5048,5047,5041,5030,5024,5018)
(10517,75,5048,5043,5032,5021,5010)
(10196,75,5011,5012,5013,5019,5030,5041,5047,5048)
(10177,75,5032,5026,5025,5019,5008,5002,5001)
(10505,75,5011,5012,5013,5019,5030,5041)
(11539,75,5028,5039,5050)
(11682,75,5024,5030,5041,5047,5048,5054)
(10768,75,5019,5030,5041,5052)
(10295,75,5030,5041,5052)
(10570,75,5030,5019,5008,5002,5001)
(11701,75,5015,5014,5019,5030,5041,5046,5051,5056)
(11683,75,5029,5018,5012,5011,5005)
(10925,75,5005,5011,5012,5018,5029,5040)
(10558,75,5013,5019,5030,5041,5052)
(11967,75,5019,5030,5041,5047,5048)
(10297,75,5027,5038,5044,5050,5056,5057,5058,5059)
(10519,75,5027,5038,5044,5050,5056,5057,5058,5059)
(10032,75,5028,5017,5011,5005)
(10894,75,5031,5025,5019,5008,5002,5001)
(11700,75,5008,5019,5030,5041,5046,5045,5044,5049)
(10599,76,5017,5012,5013,5019,5030,5041,5047,5053)
(10364,76,5048,5047,5041,5030,5019)
(11158,76,5031,5042,5053)
(11566,76,5020,5031,5042,5048)
(11337,76,5049,5038,5027,5022,5017,5006)
(10908,76,5043,5032,5021,5015)
(10904,76,5030,5041,5047,5048,5054)
(11161,76,5028,5017,5006)
(11888,76,5031,5025,5024,5018,5012,5011,5005)
(10228,76,5029,5040,5051)
(11336,76,5011,5012,5013,5019,5030,5041,5052)
(10093,76,5024,5030,5041,5052)
(11163,76,5012,5013,5019,5030,5041)
(11340,76,5053,5047,5041,5030,5019,5008,5003)
(11570,76,5014,5019,5030,5041,5046,5051)
(11684,76,5012,5013,5019,5030,5041,5047)
(11991,76,5027,5016,5005)
(10560,76,5004,5003,5008,5019,5030,5041,5046)
(11563,76,5004,5003,5008,5019,5030,5041)
(10445,77,5006,5012,5018,5029,5040)
(11796,77,5040,5029,5018,5012)
(11774,77,5008,5019,5030,5041,5046,5045,5044,5049)
(11321,77,5021,5032,5043,5054)
(10437,77,5057,5056,5050,5044,5038,5027)
(10365,77,5047,5041,5030,5024,5018,5012)
(11364,77,5030,5019,5008,5002)
(10435,77,5030,5041,5047,5048,5054)
(10604,77,5010,5021,5032,5043,5054)
(11791,77,5043,5032,5021,5010)
(10185,77,5021,5032,5043)
(11794,77,5019,5030,5041,5046,5051,5056)
(10155,77,5029,5018,5012,5011,5005)
(12046,77,5005,5011,5012,5018,5029,5040)
(11131,77,5013,5019,5030,5041,5047)
(11366,77,5056,5051,5046,5041,5030,5019,5008,5003)
(10697,77,5054,5043,5032,5021)
(11319,77,5032,5043,5054)
(10064,77,5021,5032,5043)
(10162,78,5019,5030,5041,5046,5051,5056)
(11777,78,5031,5025,5024,5018,5012,5011,5005)
(10404,78,5030,5024,5018,5012,5011,5005)
(11211,78,5032,5043,5054)
(10358,78,5030,5024,5018,5012,5011,5005)
(10405,78,5024,5030,5041,5047,5048,5054)
(10186,78,5007,5018,5029,5040,5051)
(10687,78,5027,5038,5044,5050)
(11780,78,5053,5047,5041,5030)
(10617,78,5038,5027,5022,5017,5012,5013,5008)
(10097,78,5006,5017,5028,5039)
(11348,78,5004,5003,5008,5019,5030,5041,5046,5051)
(10618,78,5056,5051,5046,5041,5030,5019,5008,5003)
(11218,78,5007,5012,5017,5022,5027,5038)
(11221,78,5015,5014,5019,5030,5041,5046,5051,5056)
(11259,78,5038,5027,5022,5017,5012,5013,5008,5003,5004)
(11357,78,5051,5046,5041,5030,5019,5008,5003)
(11258,78,5049,5038,5027,5022,5017,5012,5013,5008,5003)
(10096,78,5027,5038,5044,5050,5056,5057,5058,5059)
(11307,79,5048,5047,5041,5030,5019,5008)
(10635,79,5046,5041,5030,5019,5008,5003)
(10223,79,5024,5030,5041,5047,5053)
(10214,79,5049,5038,5027,5022,5017,5012,5013)
(11894,79,5010,5021,5032,5043)
(10216,79,5024,5030,5041,5052)
(11230,79,5039,5028,5017,5011,5005)
(10671,79,5006,5012,5013,5019,5030,5041,5047,5048,5054)
(11310,79,5011,5012,5013,5019,5030,5041,5047,5048)
(11824,79,5028,5039,5050)
(11306,79,5049,5038,5027,5022,5017,5012,5013,5014,5015)
(10076,79,5015,5014,5019,5030,5041,5046,5051,5056)
(10631,79,5015,5014,5019,5030,5041,5046,5051)
(11907,79,5032,5043,5054)
(11302,79,5009,5020,5026,5032)
(10401,79,5014,5019,5030,5041,5046,5045,5044,5049)
(11959,79,5006,5012,5018,5029)
(11298,79,5027,5038,5049)
(10394,79,5008,5019,5030,5041,5046,5051)
(11740,80,5011,5012,5013,5019,5030,5041,5047,5048,5054)
(11413,80,5053,5047,5041,5030,5024,5018,5012,5011,5005)
(10056,80,5015,5014,5019,5030,5041,5046,5045,5044,5049)
(10377,80,5029,5018,5007)
(10077,80,5054,5048,5047,5041,5030,5019,5008,5002)
(11419,80,5039,5028,5017,5012,5007)
(11906,80,5005,5011,5012,5013,5019,5030,5041,5052)
(11090,80,5006,5017,5028,5039,5050)
(11418,80,5012,5018,5029,5040,5051)
(11089,80,5038,5027,5016,5005)
(11190,80,5028,5017,5011,5005)
(11273,80,5002,5008,5014,5020,5026,5032)
(12011,80,5049,5038,5027,5022,5017,5012,5013,5008)
(10722,80,5024,5030,5041,5047,5053)
(11415,80,5015,5014,5019,5030,5041,5052)
(11276,80,5030,5041,5047,5053)
(11808,80,5032,5026,5025,5019,5008,5002)
(11989,80,5045,5046,5041,5030,5019,5008,5003)
(11811,80,5012,5013,5019,5030,5041,5047,5048,5054)
(11398,81,5053,5047,5041,5030,5024)
(11441,81,5006,5012,5013,5014,5020,5031)
(10204,81,5014,5019,5030,5041,5046,5051,5056)
(11108,81,5027,5038,5049)
(10326,81,5006,5017,5028,5039)
(11045,81,5028,5017,5011,5005)
(11440,81,5032,5021,5010)
(11096,81,5027,5016,5005)
(11446,81,5028,5017,5011,5005)
(11447,81,5051,5040,5029,5018)
(10732,81,5024,5030,5041,5047,5048,5054)
(11748,81,5005,5011,5012,5013,5019,5030,5041,5052)
(10343,81,5027,5038,5044,5050,5056,5057,5058,5059)
(10349,81,5047,5041,5030,5019,5008,5002,5001)
(10720,81,5031,5042,5048,5054)
(11750,81,5031,5042,5053)
(11111,81,5027,5038,5044,5050,5056,5057,5058)
(10714,81,5031,5042,5053)
(10105,81,5031,5042,5053)
(11697,82,5017,5012,5013,5019,5030,5041,5047,5048,5054)
(11391,82,5039,5028,5017,5011,5005)
(11378,82,5031,5042,5048,5054)
(11379,82,5020,5031,5042)
(10103,82,5054,5048,5047,5041,5030,5024,5018,5012,5011,5005)
(10061,82,5039,5028,5017,5006)
(10110,82,5024,5030,5041,5047,5048,5054)
(11428,82,5031,5025,5019,5008,5002)
(11077,82,5038,5027,5022,5017,5012,5013,5008)
(10705,82,5032,5026,5025,5019,5008,5002)
(10460,82,5019,5030,5041,5046,5051)
(10591,82,5031,5025,5019,5008,5002,5001)
(10708,82,5020,5031,5042,5048,5054)
(10346,82,5006,5012,5013,5019,5030,5041)
(10330,82,5051,5046,5041,5030,5019,5008,5003,5004)
(10332,82,5006,5012,5018,5029,5040)
(11383,82,5012,5013,5019,5030,5041,5047,5048)
(11382,82,5038,5027,5016)
(11881,82,5027,5016,5005)
(10252,83,5056,5051,5046,5041,5030,5019)
(10652,83,5029,5018,5007)
(10243,83,5040,5029,5018,5012)
(10726,83,5015,5014,5019,5030,5041,5046,5051,5056)
(11971,83,5019,5030,5041)
(10615,83,5009,5020,5031,5042,5048,5054)
(10797,83,5003,5008,5019,5030,5041,5046,5051,5056)
(11704,83,5049,5038,5027)
(10022,83,5049,5038,5027,5016,5005)
(10583,83,5027,5016,5005)
(12021,83,5029,5018,5012,5006)
(11751,83,5020,5031,5042,5048,5054)
(10728,83,5038,5027,5022,5017,5012,5013,5008,5003,5004)
(11739,83,5032,5021,5010,5004)
(10638,83,5053,5047,5041,5030,5024,5018,5012,5011)
(12015,83,5049,5038,5027,5022,5017,5012,5013,5008,5003,5004)
(10656,83,5028,5039,5050)
(10692,83,5031,5025,5024,5018,5012,5011,5005)
(10616,83,5030,5019,5008)
(10566,84,5030,5041,5047,5048,5054)
(10640,84,5030,5024,5018,5012,5011,5005)
(10734,84,5010,5021,5032,5043)
(10704,84,5003,5008,5019,5030,5041,5046,5051,5056)
(11535,84,5015,5014,5019,5030,5041,5046,5051,5056)
(11822,84,5030,5041,5047,5053)
(10810,84,5045,5046,5041,5030,5019,5008)
(11819,84,5031,5042,5048,5054)
(11651,84,5032,5043,5054)
(10009,84,5015,5020,5031,5042,5053)
(11722,84,5041,5030,5024,5018)
(10675,84,5032,5043,5054)
(10695,84,5030,5019,5008)
(10804,84,5054,5043,5032)
(11723,84,5038,5027,5022,5017,5012,5013,5008,5003,5004)
(10759,84,5010,5021,5032,5043,5054)
(10584,84,5006,5017,5028,5039)
(11744,84,5028,5017,5011,5005)
(10553,84,5023,5029,5040,5051)
(10267,85,5032,5043,5054)
(10673,85,5048,5047,5041,5030,5019,5008)
(10148,85,5032,5043,5054)
(11805,85,5040,5029,5018,5012,5006)
(10679,85,5018,5029,5040,5051)
(10716,85,5049,5038,5027,5022,5017,5012,5013,5014)
(11693,85,5017,5022,5027,5038,5049)
(10794,85,5004,5003,5008,5019,5030,5041,5046)
(10684,85,5009,5020,5031,5042,5053)
(10719,85,5013,5019,5030,5041,5052)
(10758,85,5012,5017,5028,5039,5050)
(11755,85,5020,5031,5042)
(10257,85,5046,5041,5030,5019,5008,5003,5004)
(10577,85,5030,5019,5008,5002,5001)
(10264,85,5050,5039,5028)
(12044,85,5052,5041,5030,5019,5008,5002,5001)
(10588,85,5030,5041,5052)
(11668,85,5027,5016,5005)
(10780,85,5011,5012,5013,5019,5030,5041,5052)
(11803,86,5003,5008,5019,5030,5041,5046,5045,5044,5049)
(10606,86,5032,5043,5054)
(12006,86,5019,5030,5041,5047,5048,5054)
(11386,86,5030,5019,5008)
(11106,86,5021,5032,5043)
(12007,86,5021,5032,5043,5054)
(10792,86,5052,5041,5030,5019,5008,5003)
(11394,86,5031,5042,5048,5054)
(10713,86,5019,5030,5041,5046,5051,5056)
(10268,86,5002,5008,5014,5020,5031)
(11847,86,5031,5025,5019,5008,5002)
(10775,86,5051,5046,5041,5030,5019)
(10576,86,5028,5039,5050)
(11966,86,5011,5012,5013,5019,5030,5041,5047,5048)
(10743,86,5030,5019,5008,5002)
(11944,86,5028,5017,5011,5005)
(11387,86,5028,5017,5006)
(10206,86,5005,5011,5012,5013,5019,5030)
(11369,86,5039,5028,5017)
(12031,87,5024,5030,5041,5047,5048,5054)
(11912,87,5029,5018,5007)
(10351,87,5011,5012,5018,5029,5040,5051)
(10101,87,5031,5042,5053)
(10192,87,5007,5018,5029,5040)
(12017,87,5053,5047,5041,5030,5024)
(10348,87,5031,5025,5019,5008,5002)
(11882,87,5006,5012,5013,5019,5030)
(10051,87,5017,5012,5013,5019,5030,5041,5047,5048,5054)
(11346,87,5031,5025,5019,5008,5002,5001)
(10100,87,5053,5047,5041,5030,5024,5018,5012)
(11876,87,5047,5041,5030,5019,5008,5002,5001)
(10359,87,5007,5018,5029)
(10361,87,5005,5016,5027)
(10439,87,5013,5019,5030,5041,5047,5048)
(10071,87,5027,5038,5044,5050,5056,5057)
(10430,87,5049,5038,5027,5022,5017,5012,5013)
(11352,87,5027,5038,5044,5050,5056,5057,5058,5059)
(10446,87,5030,5041,5052)
(10052,88,5046,5041,5030,5019,5008,5003)
(11402,88,5008,5019,5030,5041,5046)
(10463,88,5015,5014,5019,5030,5041,5052)
(11443,88,5047,5041,5030,5019,5008,5002)
(10109,88,5052,5041,5030,5019,5008,5003)
(11984,88,5018,5029,5040,5051)
(11460,88,5007,5012,5017,5022,5027,5038)
(11439,88,5010,5021,5032,5043,5054)
(11071,88,5004,5003,5008,5019,5030,5041)
(10476,88,5004,5003,5008,5019,5030,5041,5046,5045)
(11412,88,5047,5041,5030,5024,5018,5012,5011)
(10337,88,5027,5038,5044,5050,5056,5057,5058,5059)
(11147,88,5029,5018,5012,5006)
(11061,88,5005,5016,5027,5038,5049)
(10328,88,5027,5016,5005)
(11068,88,5019,5030,5041,5047,5048,5054)
(11102,88,5049,5038,5027,5022,5017,5012,5007)
(11101,88,5027,5038,5044,5050,5056,5057)
(11986,88,5031,5042,5053)
(10403,89,5005,5011,5012,5013,5019,5030,5041,5047,5053)
(11272,89,5031,5042,5048,5054)
(11227,89,5027,5038,5044,5050)
(11279,89,5052,5041,5030,5024)
(11278,89,5027,5016,5005)
(10393,89,5029,5018,5007)
(11255,89,5008,5019,5030,5041)
(11226,89,5032,5043,5054)
(11253,89,5006,5012,5013,5019,5030,5041,5047,5053)
(11242,89,5014,5019,5030,5041,5052)
(10407,89,5032,5026,5025,5024,5018,5012,5011,5005)
(11219,89,5008,5019,5030,5041,5046,5045,5044,5049)
(10410,89,5048,5047,5041,5030,5024,5018)
(11209,89,5011,5017,5028,5039,5050)
(11208,89,5024,5030,5041,5047,5053)
(11220,89,5032,5026,5025,5024,5018,5012,5011,5005)
(10402,89,5028,5017,5006)
(12018,89,5031,5025,5019,5008,5003)
(11265,89,5030,5041,5047,5053)
(11992,90,5032,5043,5054)
(11893,90,5032,5026,5025,5019,5008)
(11166,90,5053,5047,5041,5030)
(11323,90,5004,5003,5008,5019,5030,5041,5046,5051,5056)
(11150,90,5038,5027,5016,5005)
(11891,90,5054,5048,5047,5041,5030,5024,5018,5012,5011,5005)
(10420,90,5048,5047,5041,5030,5024,5018,5012,5011)
(10425,90,5045,5046,5041,5030,5019,5008,5003)
(11172,90,5011,5012,5013,5019,5030,5041,5047,5048)
(11322,90,5056,5051,5046,5041,5030,5019,5014,5015)
(11240,90,5019,5030,5041,5046,5051)
(11297,90,5008,5019,5030,5041,5047,5048,5054)
(11235,90,5052,5041,5030,5024,5018,5012,5011,5005)
(10072,90,5019,5030,5041)
(11181,90,5027,5038,5044,5050,5056,5057)
(10187,90,5052,5041,5030,5019,5008,5002,5001)
(11450,90,5003,5008,5019,5030,5041,5046,5045,5044)
(11153,90,5054,5048,5047,5041,5030)
(11315,90,5029,5018,5012,5011,5005)
(11588,91,5051,5040,5029,5018,5012,5006)
(10174,91,5052,5041,5030,5019,5008,5002,5001)
(11290,91,5008,5019,5030,5041,5046,5051)
(11932,91,5030,5019,5008)
(11930,91,5024,5030,5041,5047,5048,5054)
(10035,91,5051,5046,5041,5030,5019,5014)
(10868,91,5046,5041,5030,5019,5008)
(10900,91,5005,5011,5017,5028)
(10901,91,5041,5030,5019,5008,5002,5001)
(11196,91,5004,5003,5008,5019,5030,5041,5046,5051)
(11571,91,5052,5041,5030,5024,5023)
(10290,91,5015,5014,5019,5030,5041,5046,5051)
(10869,91,5009,5020,5031,5042,5048)
(11579,91,5047,5041,5030,5019,5008,5003)
(11283,91,5012,5013,5019,5030,5041,5052)
(11285,91,5048,5043,5032,5021,5010)
(10288,91,5029,5018,5007)
(10414,91,5053,5047,5041,5030,5024,5018,5012,5011)
(11580,91,5004,5003,5008,5019,5030,5041,5046,5051)
(10545,92,5020,5031,5042,5048)
(11464,92,5048,5047,5041,5030,5024,5018,5012,5011,5005)
(10299,92,5004,5003,5008,5019,5030,5041,5046,5045,5044)
(10829,92,5041,5030,5024,5018,5012,5011)
(10513,92,5047,5041,5030,5024,5018,5012,5011,5005)
(10276,92,5049,5038,5027,5022,5017,5012)
(11647,92,5024,5030,5041,5047,5053)
(10302,92,5039,5028,5017,5011)
(10833,92,5029,5018,5012,5011,5005)
(11556,92,5048,5047,5041,5030,5024,5018)
(10832,92,5039,5028,5017)
(10924,92,5041,5030,5024,5018)
(10842,92,5054,5043,5032,5021,5010)
(11632,92,5006,5012,5013,5019,5030,5041,5047,5048)
(11630,92,5039,5028,5017,5011,5005)
(10923,92,5012,5018,5029,5040,5051)
(10906,92,5032,5021,5010,5004)
(10827,92,5059,5058,5057,5056,5050,5044,5038,5027)
(11551,92,5049,5038,5027,5022,5017)
(10312,93,5008,5019,5030,5041,5046,5051)
(10853,93,5053,5047,5041,5030,5024,5018,5012,5011)
(10138,93,5018,5029,5040)
(11869,93,5002,5008,5019,5030,5041)
(10860,93,5038,5027,5016,5005)
(11506,93,5029,5018,5012,5011,5005)
(10497,93,5032,5043,5054)
(11605,93,5004,5003,5008,5019,5030,5041,5046,5045,5044)
(11614,93,5030,5041,5052)
(10840,93,5005,5011,5012,5018,5029,5040)
(10920,93,5017,5012,5013,5019,5030,5041,5047,5053)
(11509,93,5038,5027,5022,5017,5006)
(11870,93,5039,5028,5017)
(10492,93,5008,5019,5030,5041,5047,5053)
(11854,93,5027,5038,5044,5050,5056,5057)
(10864,93,5040,5029,5018,5012,5011,5005)
(11608,93,5039,5028,5017)
(11935,93,5012,5013,5019,5030,5041,5047,5048)
(10844,93,5041,5030,5019)
(10510,94,5032,5026,5025,5019,5008)
(10046,94,5005,5016,5027,5038)
(10977,94,5019,5030,5041,5047,5053)
(11478,94,5041,5030,5024,5018,5012,5011)
(10484,94,5049,5038,5027)
(10988,94,5050,5039,5028,5017)
(11482,94,5011,5012,5013,5019,5030,5041)
(11015,94,5051,5040,5029,5018,5012,5011,5005)
(11540,94,5031,5042,5053)
(10045,94,5050,5039,5028,5017,5012,5007)
(10944,94,5051,5046,5041,5030,5019,5008,5003)
(10130,94,5028,5039,5050)
(11026,94,5017,5022,5027,5038,5049)
(11014,94,5008,5019,5030,5041,5046,5051)
(10480,94,5031,5042,5048,5054)
(10986,94,5047,5041,5030,5019,5008,5002)
(10935,94,5011,5012,5013,5019,5030,5041,5052)
(10044,94,5049,5038,5027,5022,5017,5012,5013,5008)
(10980,94,5027,5016,5005)
(10947,95,5029,5018,5007)
(10042,95,5030,5019,5008,5002,5001)
(11947,95,5019,5030,5041,5047,5048,5054)
(11900,95,5048,5047,5041,5030,5019,5008,5003)
(11964,95,5004,5009,5020,5031,5042)
(10936,95,5032,5043,5054)
(11948,95,5029,5040,5051)
(11862,95,5004,5009,5020,5031,5042,5053)
(11904,95,5003,5008,5019,5030,5041,5046)
(11937,95,5009,5020,5031,5042,5048)
(11530,95,5027,5016,5005)
(10179,95,5039,5028,5017,5011)
(11892,95,5031,5025,5019,5008,5002,5001)
(10961,95,5050,5044,5038,5027)
(11926,95,5019,5030,5041,5047,5053)
(11838,95,5012,5013,5019,5030,5041,5047,5048)
(11949,95,5005,5011,5017,5028,5039,5050)
(11518,95,5030,5041,5052)
(12047,95,5028,5017,5011,5005)
(10508,96,5050,5039,5028,5017,5012,5007)
(11939,96,5027,5038,5049)
(10548,96,5027,5038,5049)
(10529,96,5052,5041,5030,5019,5008,5003)
(11953,96,5032,5026,5025,5019,5008)
(11890,96,5030,5019,5008,5002,5001)
(10482,96,5017,5028,5039,5050)
(11928,96,5043,5032,5021,5015)
(10541,96,5012,5013,5019,5030,5041,5052)
(10569,96,5049,5038,5027)
(10538,96,5041,5030,5019,5008,5003,5004)
(12005,96,5007,5012,5017,5022,5027,5038)
(12000,96,5047,5041,5030,5019,5008,5002,5001)
(10518,96,5056,5051,5046,5041,5030,5019,5014,5015)
(11877,96,5019,5030,5041,5046,5045,5044,5049)
(11841,96,5041,5030,5019,5008,5003)
(10565,96,5039,5028,5017,5011)
(10559,96,5038,5027,5022,5017,5012,5013,5008,5003)
(10544,96,5030,5019,5008,5002)
(10466,97,5015,5020,5031,5042,5053)
(10454,97,5031,5042,5053)
(10424,97,5012,5013,5019,5030,5041,5052)
(10431,97,5050,5039,5028,5017,5011)
(10465,97,5047,5041,5030,5024,5018,5012,5011,5005)
(10474,97,5040,5029,5018,5012,5011)
(10469,97,5049,5038,5027,5022,5017,5012,5013,5008)
(10462,97,5053,5047,5041,5030,5019,5008,5002,5001)
(10427,97,5027,5038,5044,5050,5056)
(10502,97,5052,5041,5030,5024,5018,5012,5011,5005)
(10753,97,5004,5003,5008,5019,5030,5041,5046,5045)
(10468,97,5019,5030,5041)
(10479,97,5047,5041,5030,5019)
(10663,97,5028,5017,5011,5005)
(10489,97,5027,5016,5005)
(10751,97,5032,5043,5054)
(10421,97,5031,5042,5053)
(10571,97,5046,5041,5030,5019,5008,5003)
(10503,97,5020,5031,5042,5048,5054)
(10712,98,5004,5003,5008,5019,5030,5041)
(10664,98,5031,5025,5019,5008,5003)
(10745,98,5004,5009,5020,5031,5042)
(10738,98,5027,5016,5005)
(10651,98,5012,5013,5019,5030,5041,5052)
(10694,98,5032,5026,5025,5019,5008)
(10660,98,5005,5011,5012,5013,5019,5030,5041,5047,5053)
(10749,98,5012,5017,5028,5039,5050)
(10639,98,5041,5030,5024,5018,5012,5011,5005)
(10653,98,5011,5012,5013,5019,5030,5041,5047,5053)
(10625,98,5032,5043,5054)
(10629,98,5041,5030,5024,5018,5012,5011,5005)
(10413,98,5017,5012,5013,5019,5030,5041,5052)
(10650,98,5032,5043,5054)
(10717,98,5031,5042,5048,5054)
(10711,98,5043,5032,5021)
(10746,98,5008,5019,5030,5041,5047)
(10688,98,5054,5048,5047,5041,5030,5024,5023)
(10733,98,5017,5012,5013,5019,5030,5041,5052)
(10581,99,5032,5043,5054)
(10107,99,5053,5047,5041,5030,5019,5014)
(10133,99,5020,5031,5042,5053)
(10586,99,5054,5048,5047,5041,5030,5019,5008)
(10116,99,5007,5012,5017,5022,5027,5038,5049)
(10597,99,5019,5030,5041,5046,5051)
(10596,99,5032,5043,5054)
(10163,99,5047,5041,5030,5024,5018)
(10087,99,5048,5047,5041,5030,5024,5018,5012,5011,5005)
(10123,99,5014,5019,5030,5041,5046,5045,5044,5049)
(10073,99,5029,5018,5012,5006)
(10131,99,5041,5030,5024,5018,5012,5011,5005)
(10595,99,5045,5046,5041,5030,5019,5008,5003,5004)
(10095,99,5017,5012,5013,5019,5030,5041,5052)
(10153,99,5011,5012,5013,5019,5030,5041,5047,5048)
(10127,99,5007,5018,5029,5040)
(10132,99,5011,5012,5013,5019,5030,5041)
(10070,99,5052,5041,5030,5024)
(10085,99,5006,5012,5013,5019,5030,5041,5047)
(10006,100,5007,5012,5017,5022,5027,5038,5049)
(10386,100,5008,5014,5020,5026,5032)
(10164,100,5041,5030,5019)
(10040,100,5030,5019,5008,5002)
(10041,100,5011,5012,5013,5019,5030,5041,5052)
(10008,100,5032,5043,5054)
(10374,100,5049,5038,5027,5022,5017,5012,5013,5008)
(10360,100,5030,5019,5008)
(10005,100,5007,5018,5029,5040)
(10001,100,5023,5029,5040,5051)
(10341,100,5011,5012,5018,5029,5040)
(10004,100,5018,5029,5040,5051)
(10248,100,5027,5038,5044,5050)
(10069,100,5005,5011,5017,5028,5039,5050)
(10038,100,5054,5048,5047,5041,5030)
(10033,100,5020,5031,5042,5053)
(10037,100,5038,5027,5022,5017,5012,5013,5008,5003)
(10019,100,5014,5019,5030,5041,5046,5051,5056)
(10380,100,5024,5030,5041,5047,5048,5054)
(10244,101,5053,5047,5041,5030,5019,5008,5003)
(10272,101,5030,5041,5052)
(10251,101,5030,5041,5052)
(10317,101,5028,5017,5006)
(10249,101,5041,5030,5019,5008,5003)
(10205,101,5030,5019,5008,5002)
(10231,101,5039,5028,5017,5011,5005)
(10209,101,5029,5040,5051)
(10237,101,5031,5042,5053)
(10240,101,5056,5051,5046,5041,5030,5019,5008,5003,5004)
(10285,101,5023,5029,5040,5051)
(10190,101,5002,5008,5019,5030,5041,5052)
(10233,101,5013,5019,5030,5041,5047,5048)
(10256,101,5040,5029,5018,5012)
(10271,101,5040,5029,5018,5012)
(10761,101,5031,5042,5053)
(10275,101,5006,5012,5018,5029)
(10193,101,5047,5041,5030,5024,5018)
(10234,101,5048,5047,5041,5030,5024,5018,5012,5011,5005)
(10173,102,5049,5038,5027,5022,5017,5012,5013,5008,5003)
(11473,102,5003,5008,5019,5030,5041,5046,5045)
(11531,102,5051,5040,5029,5018,5012,5011)
(11526,102,5006,5017,5022,5027,5038,5049)
(11586,102,5009,5020,5031,5042,5048)
(11543,102,5005,5016,5027)
(10180,102,5023,5029,5040,5051)
(11512,102,5039,5028,5017)
(11607,102,5032,5043,5054)
(11575,102,5051,5046,5041,5030,5019,5014)
(11444,102,5019,5030,5041,5047,5048,5054)
(11462,102,5052,5041,5030)
(11565,102,5015,5014,5019,5030,5041,5046,5051,5056)
(11438,102,5019,5030,5041,5046,5045,5044,5049)
(11458,102,5004,5003,5008,5019,5030,5041)
(11578,102,5014,5019,5030,5041,5046,5051,5056)
(11507,102,5038,5027,5022,5017,5012,5007)
(11591,102,5027,5038,5044,5050)
(11533,102,5031,5042,5048,5054)
(11735,103,5024,5030,5041,5047,5048,5054)
(11404,103,5007,5012,5017,5028,5039,5050)
(11429,103,5009,5020,5031)
(11389,103,5032,5026,5025,5019,5008,5002)
(11749,103,5030,5041,5047,5048,5054)
(11792,103,5012,5013,5019,5030,5041,5047,5053)
(11797,103,5030,5019,5008,5002)
(11345,103,5006,5012,5018,5029,5040,5051)
(11377,103,5030,5019,5008,5002)
(11778,103,5052,5041,5030,5019,5008,5002)
(11816,103,5048,5047,5041,5030,5019,5008,5002)
(11771,103,5004,5003,5008,5019,5030,5041,5046,5045)
(11677,103,5043,5032,5021,5015)
(11370,103,5015,5014,5019,5030,5041,5046,5051)
(11373,103,5031,5025,5024,5018,5012,5011,5005)
(11434,103,5048,5047,5041,5030,5024,5018)
(11388,103,5020,5031,5042)
(11773,103,5009,5020,5031,5042)
(11421,103,5051,5046,5041,5030,5019,5014,5015)
(11659,104,5015,5020,5031,5042,5053)
(11618,104,5056,5051,5046,5041,5030,5019,5008,5003,5004)
(11663,104,5015,5014,5019,5030,5041,5052)
(11626,104,5031,5025,5019,5008,5002)
(11707,104,5024,5030,5041,5047,5048,5054)
(11615,104,5015,5014,5019,5030,5041,5052)
(11672,104,5032,5043,5054)
(10963,104,5017,5012,5013,5019,5030,5041,5047,5053)
(11611,104,5030,5019,5008,5002)
(11645,104,5048,5047,5041,5030,5024,5018,5012)
(11687,104,5021,5032,5043)
(11656,104,5047,5041,5030,5019)
(11338,104,5032,5043,5054)
(11616,104,5049,5038,5027,5022,5017,5012,5013)
(11638,104,5032,5043,5054)
(11621,104,5017,5028,5039,5050)
(11718,104,5019,5030,5041,5047,5048)
(11712,104,5050,5039,5028,5017,5006)
(11706,104,5017,5012,5013,5019,5030,5041,5052)
(10971,105,5030,5041,5047,5053)
(10972,105,5004,5003,5008,5019,5030,5041,5046,5045,5044,5049)
(11067,105,5054,5048,5047,5041,5030,5019,5008,5003)
(10984,105,5054,5043,5032)
(11080,105,5003,5008,5019,5030,5041,5046)
(10951,105,5045,5046,5041,5030,5019,5008,5003,5004)
(11016,105,5047,5041,5030,5024,5018)
(10978,105,5015,5014,5019,5030,5041,5046,5045,5044,5049)
(11056,105,5049,5038,5027,5022,5017,5012,5013,5014,5015)
(11066,105,5030,5019,5008,5002,5001)
(11002,105,5027,5038,5044,5050,5056,5057,5058,5059)
(11008,105,5031,5042,5048,5054)
(11074,105,5041,5030,5019,5008)
(10969,105,5019,5030,5041,5047,5048,5054)
(10899,105,5015,5014,5019,5030,5041,5046,5051)
(10891,105,5008,5019,5030,5041,5047,5053)
(10956,105,5053,5047,5041,5030,5019,5008,5003)
(10897,105,5052,5041,5030,5019,5008,5002)
(10999,105,5032,5026,5025,5019,5008,5002)
(11293,106,5030,5019,5008,5002)
(11318,106,5015,5020,5031,5042,5053)
(11264,106,5028,5017,5011,5005)
(10817,106,5006,5017,5022,5027,5038,5049)
(11248,106,5030,5041,5052)
(11262,106,5006,5012,5013,5019,5030,5041,5047,5053)
(10811,106,5010,5021,5032,5043)
(10880,106,5011,5012,5013,5019,5030,5041,5047,5048,5054)
(11329,106,5027,5038,5044,5050)
(11309,106,5013,5019,5030,5041)
(11308,106,5052,5041,5030,5019,5014)
(10835,106,5041,5030,5019,5008,5003)
(11334,106,5024,5030,5041,5052)
(10796,106,5002,5008,5019,5030,5041,5047)
(11325,106,5046,5041,5030,5019,5008,5003)
(10861,106,5052,5041,5030,5019,5008,5002,5001)
(10851,106,5032,5043,5054)
(11317,106,5008,5019,5030,5041,5047)
(11260,106,5032,5043,5054)
(11202,107,5040,5029,5018,5012,5011)
(11237,107,5002,5008,5019,5030,5041,5047,5053)
(11205,107,5050,5044,5038,5027)
(11257,107,5011,5012,5013,5019,5030,5041,5047,5048)
(11251,107,5003,5008,5019,5030,5041,5046,5045,5044)
(11179,107,5038,5027,5022,5017,5006)
(11138,107,5038,5027,5022,5017,5012,5013,5008,5003,5004)
(11183,107,5030,5019,5008,5002)
(11231,107,5008,5019,5030,5041,5047,5048)
(11238,107,5047,5041,5030,5019,5008,5002,5001)
(11820,107,5041,5030,5024,5018,5012,5011)
(11121,107,5010,5021,5032,5043)
(11233,107,5032,5043,5054)
(11186,107,5047,5041,5030,5024,5018,5012)
(11141,107,5029,5040,5051)
