#(carId,StartTime,RoadId...)
(10035,111,5005,5016,5027)
(10062,117,5008,5019,5030)
(10052,99,5028,5039,5050)
(10001,100,5030,5041,5052)
(10037,76,5027,5016,5005)
(10018,66,5027,5038,5049)
(10100,85,5028,5039,5050)
(10041,78,5030,5041,5052)
(10006,101,5029,5018,5007,5001)
(10093,75,5027,5016,5005)
(10047,81,5030,5041,5052)
(10108,89,5038,5027,5016)
(10012,104,5029,5018,5007,5001)
(10023,107,5029,5018,5007,5001)
(10002,62,5016,5027,5038,5049)
(10043,19,5040,5029,5018)
(10050,113,5024,5030,5041,5052)
(10077,121,5007,5018,5029,5040)
(10087,125,5029,5018,5007,5001,5000)
(10048,82,5005,5016,5027,5038,5049)
(10109,21,5028,5039,5050)
(10017,105,5012,5017,5028,5039,5050)
(10069,119,5012,5017,5028,5039,5050)
(10036,112,5011,5017,5028,5039,5050)
(10021,67,5015,5020,5031,5042,5053)
(10101,86,5011,5016,5027,5038,5049)
(10125,64,5014,5020,5031,5042,5053)
(10098,127,5021,5032,5043)
(10086,60,5038,5027,5016,5005,5000,5001)
(10122,96,5011,5016,5027,5038,5049)
(10099,114,5054,5043,5032,5021)
(10005,28,5028,5017,5006)
(10065,48,5001,5000,5005,5016,5027,5038,5049)
(10011,34,5029,5040,5051)
(10104,58,5018,5029,5040,5051)
(10117,94,5023,5029,5040,5051)
(10027,3,5032,5043,5054)
(10029,71,5032,5043,5054)
(10067,119,5032,5043,5054)
(10102,25,5028,5017,5006)
(10088,57,5032,5043,5054)
(10095,69,5032,5021,5010)
(10081,56,5013,5019,5030,5041)
(10082,122,5040,5029,5018,5007,5001,5000)
(10120,46,5028,5017,5006)
(10127,88,5028,5017,5006)
(10030,72,5039,5028,5017,5006)
(10083,57,5054,5043,5032,5021,5010)
(10056,40,5025,5031,5042,5053)
(10000,98,5024,5025,5031,5042,5053)
(10020,106,5040,5029,5018,5007,5002,5003)
(10025,69,5053,5042,5031,5025)
(10115,1,5006,5017,5028,5039)
(10118,70,5011,5017,5028,5039)
(10024,108,5038,5027,5016,5005,5000,5001,5002,5003)
(10094,9,5030,5019,5008)
(10026,2,5039,5028,5017,5011)
(10096,65,5052,5041,5030,5024,5023)
(10074,53,5051,5040,5029,5023)
(10110,90,5015,5021,5032,5043)
(10084,123,5014,5015,5021,5032,5043)
(10119,96,5039,5028,5017,5006,5000)
(10079,2,5024,5030,5041,5052)
(10061,84,5015,5014,5019,5030,5041,5052)
(10126,29,5009,5020,5031,5042,5053)
(10028,109,5003,5009,5020,5031,5042,5053)
(10075,9,5026,5032,5043,5054)
(10112,83,5026,5032,5043,5054)
(10124,97,5041,5030,5019,5008,5003)
(10106,6,5039,5028,5017,5011)
(10042,79,5049,5038,5027,5016,5011,5012)
(10111,91,5050,5039,5028,5017,5012,5013)
(10055,43,5001,5002,5008,5019,5030)
(10049,24,5003,5009,5020,5031)
(10008,102,5049,5038,5027,5016,5005)
(10090,48,5003,5009,5020,5031)
(10034,74,5001,5002,5003,5009,5020,5031)
(10009,103,5043,5032,5021,5015,5014,5013,5012)
(10085,124,5052,5041,5030,5019,5014,5015)
(10019,41,5024,5025,5031,5042,5053)
(10089,19,5030,5019,5008,5002)
(10092,14,5040,5029,5018,5012,5011)
(10071,16,5053,5042,5031,5025)
(10097,32,5023,5024,5025,5031,5042,5053)
(10014,36,5025,5026,5032,5043,5054)
(10058,31,5032,5021,5010,5004,5003)
(10003,63,5052,5041,5030,5019,5013,5012,5011)
(10057,117,5049,5038,5027,5016,5011,5012,5013)
(10078,4,5001,5006,5017,5028,5039,5050)
(10063,39,5022,5023,5029,5040,5051)
(10107,50,5003,5002,5007,5018,5029,5040,5051)
(10039,15,5015,5021,5032,5043,5054)
(10004,27,5030,5019,5008,5002,5001)
(10031,110,5050,5039,5028,5017,5006,5001,5002,5003)
(10091,128,5053,5042,5031,5020,5009)
(10013,35,5053,5042,5031,5020,5015)
(10123,27,5053,5042,5031,5020)
(10070,18,5025,5026,5032,5043,5054)
(10105,89,5025,5026,5032,5043,5054)
(10060,61,5023,5024,5025,5026,5032,5043,5054)
(10038,78,5053,5042,5031,5020,5009,5004)
(10059,27,5003,5009,5020,5031,5042)
(10045,80,5001,5002,5003,5009,5020,5031,5042)
(10116,93,5041,5030,5019,5008,5002,5001)
(10007,30,5031,5020,5009,5003,5002,5001)
(10044,47,5031,5020,5009,5003,5002,5001)
(10072,120,5052,5041,5030,5019,5008,5002,5001)
(10032,8,5012,5013,5019,5030,5041,5052)
(10054,115,5012,5013,5014,5020,5031,5042,5053)
(10022,44,5003,5004,5010,5021,5032,5043)
(10016,38,5030,5019,5008,5002,5001,5000)
(10010,33,5051,5040,5029,5018,5007,5001)
(10051,11,5013,5014,5015,5021,5032,5043)
(10046,23,5030,5019,5008,5002,5001,5000)
(10053,6,5013,5014,5015,5021,5032,5043)
(10114,92,5011,5012,5013,5014,5015,5021,5032,5043)
(10121,44,5051,5040,5029,5018,5012,5011)
(10066,50,5053,5042,5031,5020,5014,5013,5012,5011)
(10073,52,5031,5020,5009,5003,5002,5001)
(10080,54,5032,5021,5010,5004,5003,5002,5001)
(10076,54,5051,5040,5029,5018,5007,5001)
(10033,73,5051,5040,5029,5018,5007,5002,5003,5004)
(10015,37,5000,5001,5002,5008,5019,5030,5041)
(10103,59,5000,5001,5002,5003,5004,5010,5021,5032,5043,5054)
(10064,13,5031,5020,5009,5003,5002,5001,5000)
(10068,20,5004,5003,5002,5007,5018,5029,5040,5051)
(10113,10,5038,5027,5016,5005,5000,5001,5002,5003)
(10040,16,5049,5038,5027,5016,5005,5000,5001,5002,5003,5004)
