#(carId,StartTime,RoadId...)
(10383,1,5042,5031,5025,5024,5018,5007,5001)
(10274,1,5007,5018,5029,5040,5051,5057)
(10186,1,5009,5020,5031,5042,5047)
(10394,1,5031,5025,5024,5018,5007)
(10423,1,5004,5009,5020,5031,5042)
(10245,1,5051,5040,5029,5018,5007,5002,5003)
(10320,1,5015,5020,5031,5042,5053,5058)
(10096,1,5049,5038,5033,5028,5023,5018)
(10150,1,5012,5018,5024,5030,5041)
(10283,1,5057,5051,5040,5029,5018,5012,5011)
(10275,1,5007,5018,5024,5025,5026,5032)
(10074,1,5012,5018,5024,5025,5026,5032,5043)
(10506,1,5010,5021,5032,5043,5054)
(10407,1,5007,5018,5029,5040,5051,5057)
(10244,1,5007,5018,5029,5040,5051,5057)
(10227,1,5042,5031,5025,5024,5018,5012,5011,5005)
(10314,1,5001,5007,5018,5024,5030,5041)
(10003,1,5018,5024,5025,5031,5042,5053)
(10122,1,5023,5024,5025,5031,5042,5053)
(10013,1,5057,5051,5040,5029,5018,5012,5011,5005)
(10338,1,5051,5040,5029,5018,5013,5014,5015)
(10507,1,5007,5018,5024,5025,5031)
(10187,1,5019,5030,5041,5052)
(10305,1,5025,5031,5042,5053,5059)
(10509,1,5025,5031,5042,5053,5059)
(10011,1,5001,5007,5018,5029,5040)
(10163,1,5003,5002,5007,5018,5029,5040)
(10026,1,5023,5029,5040,5051,5057)
(10332,1,5031,5042,5053)
(10278,1,5058,5053,5042,5031,5020,5009)
(10251,1,5053,5042,5031,5025)
(10046,1,5040,5029,5018,5007,5002,5003)
(10023,1,5051,5040,5029,5018,5007,5002)
(10493,1,5051,5040,5029)
(10288,1,5025,5031,5042,5053)
(10263,1,5040,5029,5018,5007,5002,5003)
(10169,1,5021,5032,5043,5054)
(10230,1,5021,5032,5043,5054)
(10260,1,5024,5025,5031,5042,5053)
(10377,1,5024,5025,5031,5042,5053)
(10420,1,5040,5029,5018,5012,5011,5005)
(10418,1,5003,5002,5007,5018,5029,5040)
(10037,1,5009,5020,5031,5042,5047)
(10329,1,5031,5042,5053,5059)
(10439,1,5009,5020,5031,5042)
(10380,1,5051,5040,5029,5018,5012,5011)
(10311,1,5023,5029,5040,5051,5057)
(10289,1,5012,5018,5029,5040,5051,5057)
(10053,1,5031,5020,5009,5003)
(10070,1,5004,5009,5020,5031,5042)
(10189,1,5025,5031,5042,5053,5059)
(10117,1,5015,5020,5031,5042,5053)
(10398,1,5015,5020,5031,5042,5053)
(10323,1,5031,5025,5024,5018,5007,5001)
(10174,1,5005,5011,5012,5018,5024,5030,5041)
(10162,1,5014,5013,5018,5023,5028,5033,5038,5049)
(10072,1,5050,5039,5028,5023,5018,5013,5014,5015)
(10191,1,5050,5039,5028,5023,5018,5013,5014,5015)
(10482,1,5014,5013,5018,5029,5040,5051)
(10295,1,5002,5007,5018,5029,5040,5051,5057)
(10155,1,5050,5039,5028,5023,5018,5007,5002,5003)
(10204,1,5043,5032,5026,5025,5024,5018,5012,5011)
(10215,1,5043,5032,5026,5025,5024,5018,5012,5011)
(10412,1,5001,5007,5018,5024,5025,5026,5032)
(10272,1,5050,5039,5028,5023,5018,5007,5002,5003)
(10435,1,5005,5016,5027,5038,5044,5050)
(10303,1,5019,5030,5041,5052)
(10113,1,5041,5030,5019)
(10330,1,5049,5038,5033,5028,5023,5018,5013,5014,5015)
(10386,1,5011,5012,5018,5029,5040,5051,5057)
(10259,1,5005,5011,5012,5018,5024,5030,5041)
(10301,1,5041,5030,5019)
(10110,1,5005,5011,5012,5018,5029,5040,5051,5057)
(10500,1,5001,5007,5018,5024,5025,5026,5032,5043)
(10128,1,5005,5011,5012,5018,5024,5025,5026,5032,5043)
(10226,1,5005,5011,5012,5018,5029,5040,5051,5057)
(10101,1,5059,5053,5042,5031,5025,5024,5018,5007,5001)
(10487,1,5018,5023,5028,5039,5050)
(10048,1,5041,5030,5024,5018,5012,5011,5005)
(10164,1,5005,5011,5012,5018,5024,5025,5031,5042,5053,5059)
(10318,1,5018,5024,5025,5031,5042,5053,5059)
(10346,1,5030,5024,5018,5007)
(10294,1,5023,5024,5025,5031,5042,5053)
(10414,1,5022,5023,5024,5025,5031,5042,5053,5059)
(10137,1,5001,5007,5018,5024,5025,5026,5032)
(10489,1,5003,5002,5007,5018,5029,5040)
(10267,1,5050,5039,5028,5023,5018,5013)
(10425,1,5049,5038,5027)
(10474,1,5049,5038,5027)
(10395,1,5049,5038,5033,5028,5023,5018,5013)
(10280,1,5004,5003,5002,5007,5018,5029,5040)
(10033,1,5004,5003,5002,5007,5018,5029,5040,5051)
(10503,1,5049,5038,5027,5016)
(10385,1,5031,5042,5053)
(10017,1,5053,5042,5031,5025,5024,5018,5007)
(10410,1,5027,5038,5049)
(10400,1,5008,5019,5030,5041)
(10247,1,5050,5044,5038,5027,5016)
(10108,1,5050,5039,5028,5023,5018,5013,5014)
(10462,1,5043,5032,5026,5025,5024,5018)
(10427,1,5007,5018,5024,5025,5026,5032,5043)
(10322,1,5014,5013,5018,5029,5040,5051)
(10360,1,5014,5013,5018,5029,5040,5051)
(10178,1,5019,5025,5031,5042,5053,5059)
(10373,1,5031,5042,5053,5059)
(10429,1,5005,5011,5012,5018,5029)
(10299,1,5007,5018,5023,5028,5039,5050)
(10495,1,5004,5003,5002,5007,5018,5023,5028,5039,5050)
(10496,1,5029,5018,5007)
(10468,1,5031,5020,5009)
(10237,1,5031,5042,5053)
(10138,1,5039,5028,5017,5006)
(10221,1,5018,5029,5040,5051)
(10195,1,5027,5038,5044,5045,5051,5057)
(10488,1,5028,5017,5011,5005)
(10079,1,5043,5032,5026,5025,5019)
(10327,1,5028,5039,5050)
(10173,1,5016,5027,5038,5044,5050)
(10107,1,5043,5032,5026,5025,5019)
(10042,1,5029,5018,5007)
(10449,1,5029,5040,5051,5057)
(10126,1,5030,5041,5052)
(10030,1,5009,5015,5021,5032)
(10366,1,5029,5040,5051,5057)
(10238,1,5032,5043,5054)
(10044,1,5030,5041,5052)
(10421,1,5027,5038,5044,5050)
(10133,1,5028,5039,5050)
(10271,1,5040,5029,5018,5007,5002)
(10490,1,5054,5043,5032,5021)
(10188,1,5031,5042,5053)
(10181,1,5031,5042,5053)
(10066,1,5031,5042,5053)
(10304,1,5038,5027,5016,5005,5000)
(10141,1,5040,5029,5018,5007,5002)
(10012,1,5051,5040,5029,5023)
(10152,1,5043,5032,5021)
(10063,1,5038,5027,5016,5005)
(10043,1,5006,5017,5028,5039,5050)
(10273,1,5054,5043,5032)
(10220,1,5039,5028,5017,5006)
(10510,1,5027,5016,5005)
(10347,1,5027,5016,5005)
(10124,1,5049,5038,5027,5016,5005)
(10382,1,5039,5028,5023,5018,5007)
(10447,1,5012,5018,5029,5040)
(10065,1,5049,5038,5027,5016)
(10452,1,5013,5018,5023,5028,5039,5050)
(10198,1,5028,5017,5011,5005)
(10246,1,5027,5016,5005)
(10262,1,5027,5016,5005)
(10258,1,5028,5017,5011,5005)
(10093,1,5029,5040,5051)
(10444,1,5028,5017,5011,5005)
(10363,1,5028,5017,5006)
(10279,1,5032,5043,5054)
(10457,1,5032,5043,5054)
(10182,1,5028,5017,5006)
(10403,1,5027,5038,5049)
(10071,2,5023,5029,5040,5051)
(10494,2,5031,5025,5024,5018,5007,5001)
(10381,2,5050,5039,5028,5023,5018)
(10284,2,5000,5005,5016,5027,5038,5049)
(10165,2,5019,5025,5031,5042,5053)
(10437,2,5003,5002,5007,5018,5029,5040)
(10307,2,5023,5024,5025,5031,5042,5053)
(10479,2,5042,5031,5025,5024,5018,5012,5011,5005)
(10035,2,5019,5025,5031,5042)
(10387,2,5039,5028,5017,5006)
(10337,2,5039,5028,5017,5006)
(10255,2,5004,5003,5002,5007,5018,5023,5028,5039)
(10368,2,5022,5023,5024,5025,5031,5042,5053)
(10236,2,5042,5031,5020,5009,5004)
(10344,2,5015,5014,5013,5018,5023,5028,5039,5050)
(10498,2,5053,5042,5031)
(10504,2,5043,5032,5026,5025,5019)
(10324,2,5014,5013,5018,5023,5028,5039,5050)
(10154,2,5051,5045,5044,5038,5027)
(10143,2,5050,5044,5038,5027)
(10361,2,5012,5018,5029,5040,5051)
(10415,2,5049,5038,5027,5016)
(10104,2,5049,5038,5027,5016,5011)
(10018,2,5040,5029,5018,5007,5002,5003,5004)
(10151,2,5004,5003,5002,5007,5018,5023,5028,5033,5038)
(10472,2,5038,5033,5028,5023,5018,5007,5002,5003,5004)
(10390,2,5009,5015,5021,5032,5043)
(10100,2,5031,5042,5053)
(10485,2,5011,5012,5018,5024,5025,5031,5042,5053)
(10045,2,5004,5009,5020,5031,5042,5053,5058)
(10433,2,5029,5018,5007,5001)
(10478,2,5011,5012,5018,5024,5025,5031,5042,5053)
(10341,2,5031,5025,5024,5018,5012,5011,5005)
(10367,2,5011,5012,5018,5024,5025,5031,5042,5053,5059)
(10406,2,5040,5029,5018,5007,5002,5003,5004)
(10349,2,5029,5018,5012,5011,5005)
(10027,2,5018,5024,5025,5031,5042,5053)
(10370,2,5029,5018,5012,5011,5005)
(10445,2,5008,5019,5030)
(10203,2,5023,5024,5025,5031,5042,5053)
(10402,2,5027,5038,5044,5045,5051)
(10499,2,5025,5031,5042,5053,5059)
(10431,2,5021,5032,5043)
(10371,2,5011,5012,5018,5024,5025,5031,5042,5053)
(10076,2,5050,5039,5028,5023,5018,5007)
(10502,2,5039,5028,5023,5018,5007,5002)
(10436,2,5018,5024,5025,5026,5032,5043)
(10210,2,5018,5024,5025,5031,5042,5053)
(10339,2,5011,5012,5018,5024,5025,5031,5042,5053)
(10276,2,5027,5016,5005)
(10123,2,5027,5016,5005)
(10052,2,5059,5053,5042,5031)
(10057,2,5005,5011,5012,5018,5024,5030)
(10456,2,5016,5027,5038)
(10111,2,5038,5027,5016)
(10265,2,5014,5013,5018,5029,5040,5051)
(10049,2,5017,5028,5039)
(10254,2,5011,5012,5018,5029,5040,5051,5057)
(10336,2,5012,5018,5029,5040,5051,5057)
(10087,2,5015,5014,5013,5018,5029,5040,5051)
(10481,2,5015,5014,5013,5018,5023,5028,5033,5038,5049)
(10005,2,5018,5029,5040)
(10333,2,5015,5014,5013,5018,5023,5028,5033,5038,5049)
(10095,2,5042,5031,5025,5024,5018,5007,5001)
(10298,2,5027,5038,5044,5050)
(10438,2,5059,5053,5042,5031,5025,5024,5023,5022)
(10476,2,5002,5007,5018,5023,5028,5039,5050)
(10358,2,5027,5038,5049)
(10222,2,5001,5007,5018,5029,5040,5051,5057)
(10334,2,5053,5042,5031,5025,5024,5018,5012,5011,5005)
(10218,2,5015,5014,5013,5018,5023,5028,5033,5038,5049)
(10459,2,5001,5007,5018,5029,5040,5051,5057)
(10491,2,5030,5024,5018,5007)
(10446,2,5038,5033,5028,5023,5018,5007,5002,5003)
(10388,2,5053,5042,5031,5025,5024,5018,5012,5011,5005)
(10179,2,5042,5031,5020,5009)
(10016,2,5015,5014,5013,5018,5023,5028,5033,5038,5049)
(10061,2,5041,5030,5019)
(10393,2,5005,5016,5027)
(10028,2,5041,5030,5024,5018,5007)
(10464,2,5018,5023,5028,5033,5038,5049)
(10002,2,5011,5012,5018,5024,5025,5031,5042,5053,5059)
(10264,2,5021,5032,5043)
(10172,2,5043,5032,5026,5025,5024,5018)
(10434,2,5018,5029,5040)
(10450,2,5030,5024,5018,5007)
(10175,2,5019,5025,5031,5042,5053)
(10134,2,5022,5023,5024,5025,5031,5042,5053,5059)
(10231,2,5049,5038,5033,5028,5023,5018,5013,5014)
(10234,2,5049,5038,5027,5016,5005)
(10082,2,5053,5042,5031,5025,5024,5018,5007)
(10357,2,5016,5027,5038,5049)
(10160,2,5013,5018,5029,5040,5051)
(10443,2,5031,5042,5053)
(10369,2,5027,5016,5005)
(10313,2,5041,5030,5024,5018,5007)
(10306,2,5043,5032,5026,5025,5024,5018)
(10058,2,5059,5053,5042,5031,5025,5024,5018,5007,5001)
(10068,2,5041,5030,5024,5018,5012,5011)
(10156,2,5004,5003,5002,5007,5018,5023,5028,5033,5038)
(10091,2,5001,5007,5018,5024,5025,5026,5032,5043)
(10201,2,5053,5042,5031)
(10115,2,5018,5024,5025,5026,5032,5043)
(10199,2,5014,5013,5018,5029,5040,5051)
(10167,2,5004,5003,5002,5007,5018,5023,5028,5033,5038)
(10145,2,5011,5012,5018,5029,5040)
(10453,2,5038,5027,5016,5005)
(10355,2,5043,5032,5026,5025,5024,5018,5007)
(10223,2,5015,5020,5031,5042,5053,5058)
(10135,2,5058,5053,5042,5031,5020,5015)
(10153,2,5032,5043,5054)
(10342,2,5039,5028,5023,5018,5007,5002,5003)
(10007,2,5011,5016,5027,5038,5049)
(10432,2,5040,5029,5018,5007,5002,5003)
(10197,2,5032,5043,5054)
(10062,2,5020,5031,5042,5053,5058)
(10036,2,5023,5029,5040,5051,5057)
(10146,2,5015,5020,5031,5042,5053,5058)
(10300,2,5020,5031,5042)
(10051,2,5032,5021,5015,5009)
(10103,2,5038,5033,5028,5023,5018,5007)
(10365,2,5020,5031,5042,5053)
(10243,2,5012,5018,5029,5040,5051)
(10040,2,5025,5031,5042,5053,5059)
(10354,2,5020,5031,5042,5053,5059)
(10359,2,5032,5021,5015,5009)
(10442,2,5051,5040,5029,5023)
(10196,2,5016,5027,5038,5044,5050)
(10229,2,5032,5026,5025,5024,5018,5007)
(10411,2,5043,5032,5021,5015,5009)
(10081,2,5040,5029,5018,5007,5002,5003)
(10321,2,5051,5040,5029,5018,5013,5014)
(10208,2,5031,5042,5053,5059)
(10397,2,5003,5009,5020,5031)
(10069,2,5038,5033,5028,5023,5018,5007)
(10213,2,5029,5018,5012,5011,5005)
(10116,2,5029,5018,5012,5011,5005)
(10106,2,5051,5040,5029,5018,5007)
(10073,2,5040,5029,5018,5007,5002)
(10466,2,5011,5016,5027,5038,5049)
(10250,2,5028,5017,5011,5005)
(10024,2,5042,5031,5020,5009,5003)
(10130,2,5029,5018,5007,5001)
(10486,2,5032,5021,5015,5009,5003)
(10352,2,5038,5027,5016,5005,5000)
(10085,2,5031,5020,5009,5003)
(10097,2,5025,5031,5042,5053)
(10389,2,5029,5018,5007)
(10401,2,5032,5021,5010)
(10270,2,5051,5040,5029,5018,5012,5011,5005)
(10460,2,5047,5042,5031,5020,5009,5004)
(10465,2,5024,5025,5031,5042,5053)
(10471,2,5010,5021,5032,5043,5054)
(10467,2,5051,5040,5029,5018)
(10277,2,5010,5021,5032,5043)
(10209,2,5032,5043,5054)
(10192,2,5031,5020,5009,5003)
(10422,2,5028,5039,5050)
(10206,2,5025,5031,5042,5053,5059)
(10228,2,5038,5033,5028,5023,5018,5007)
(10356,2,5007,5018,5024,5025,5031)
(10088,2,5031,5025,5024,5018,5007,5001)
(10325,2,5040,5029,5018,5007,5001)
(10006,2,5039,5028,5023,5018,5007,5002)
(10409,2,5021,5032,5043,5054)
(10009,2,5054,5043,5032,5021,5010)
(10125,2,5029,5018,5007,5001)
(10505,2,5043,5032,5021,5010)
(10120,2,5007,5018,5024,5025,5031)
(10214,2,5004,5009,5020,5031,5042,5053)
(10000,2,5025,5031,5042,5053)
(10458,2,5028,5039,5050)
(10282,2,5040,5029,5018,5007,5002)
(10404,2,5030,5041,5052)
(10351,2,5027,5038,5044,5045,5051,5057)
(10193,2,5043,5032,5021,5015)
(10492,2,5003,5009,5015,5021,5032)
(10200,2,5031,5020,5009,5003)
(10224,2,5029,5040,5051,5057)
(10159,2,5025,5031,5042,5053)
(10166,2,5025,5031,5042,5053)
(10055,3,5039,5028,5023,5018,5007,5002,5003,5004)
(10168,3,5005,5011,5012,5018,5029,5040,5051)
(10112,3,5028,5039,5050)
(10285,3,5014,5013,5018,5023,5028,5033,5038,5049)
(10118,3,5039,5028,5023,5018,5007,5002,5003,5004)
(10511,3,5053,5042,5031,5020,5009,5003)
(10392,3,5057,5051,5040,5029)
(10266,3,5032,5043,5054)
(10430,3,5053,5042,5031,5025,5024,5018,5012)
(10470,3,5053,5042,5031,5025,5024,5018,5012)
(10144,3,5042,5031,5025,5024,5018,5012)
(10202,3,5025,5031,5042,5053)
(10060,3,5028,5017,5006)
(10139,3,5043,5032,5026,5025,5024,5018,5012,5011)
(10416,3,5005,5011,5012,5018,5029,5040)
(10253,3,5059,5053,5042,5031,5025,5024,5018)
(10127,3,5001,5007,5018,5029,5040,5051,5057)
(10424,3,5051,5040,5029,5023)
(10089,3,5019,5030,5041,5052)
(10417,3,5051,5040,5029,5023)
(10019,3,5011,5012,5018,5029,5040,5051)
(10038,3,5011,5012,5018,5029,5040,5051)
(10190,3,5059,5053,5042,5031,5020,5009,5003)
(10249,3,5051,5040,5029,5018,5013)
(10319,3,5003,5009,5020,5031)
(10233,3,5018,5024,5025,5031,5042,5053)
(10469,3,5041,5030,5024,5018,5007)
(10217,3,5012,5018,5029,5040)
(10286,3,5001,5007,5018,5024,5025,5031,5042,5053,5059)
(10205,3,5042,5031,5020,5009,5003)
(10396,3,5040,5029,5018,5012,5011)
(10375,3,5029,5040,5051,5057)
(10050,3,5029,5040,5051,5057)
(10064,3,5032,5043,5054)
(10021,3,5032,5043,5054)
(10290,3,5018,5029,5040,5051)
(10015,3,5032,5043,5054)
(10376,3,5030,5024,5018,5012,5011,5005)
(10316,3,5047,5042,5031,5020,5009)
(10242,3,5028,5017,5011,5005)
(10184,3,5018,5024,5025,5031,5042,5053,5059)
(10212,3,5028,5017,5011,5005)
(10014,3,5028,5017,5011,5005)
(10083,3,5028,5017,5011,5005)
(10185,3,5028,5017,5011,5005)
(10378,3,5012,5018,5024,5025,5031,5042)
(10001,3,5005,5011,5012,5018,5024,5025,5031,5042,5053,5059)
(10240,3,5018,5029,5040,5051,5057)
(10292,3,5023,5029,5040,5051,5057)
(10475,3,5047,5042,5031,5020,5009)
(10114,3,5059,5053,5042,5031,5025,5024,5018,5012)
(10463,3,5032,5021,5010)
(10054,3,5038,5033,5028,5023,5018,5007,5002,5003,5004)
(10310,3,5042,5031,5025,5024,5018,5007)
(10315,3,5053,5042,5031,5020,5009)
(10047,3,5041,5030,5019)
(10261,3,5029,5018,5012,5011,5005)
(10147,3,5041,5030,5019)
(10241,3,5029,5018,5012,5011,5005)
(10121,3,5014,5013,5018,5023,5028,5033,5038,5049)
(10473,3,5053,5042,5031,5020,5009,5004)
(10248,3,5029,5018,5007,5001)
(10183,3,5029,5018,5007,5001)
(10225,3,5018,5023,5028,5033,5038,5049)
(10098,3,5012,5018,5029,5040,5051,5057)
(10268,3,5005,5011,5012,5018,5024,5025,5026,5032)
(10129,3,5032,5043,5054)
(10086,3,5032,5043,5054)
(10399,3,5005,5011,5012,5018,5024,5025,5026,5032)
(10008,3,5030,5024,5018,5012,5011,5005)
(10235,3,5030,5024,5018,5012,5011,5005)
(10239,3,5023,5024,5025,5031,5042,5053,5059)
(10067,3,5049,5038,5033,5028,5023,5018,5013)
(10170,3,5049,5038,5033,5028,5023,5018,5013)
(10207,3,5023,5024,5025,5031,5042,5053)
(10010,3,5023,5024,5025,5031,5042,5053,5059)
(10032,3,5023,5024,5025,5031,5042,5053,5059)
(10084,3,5003,5009,5020,5031,5042,5053)
(10252,3,5003,5009,5015,5021,5032,5043)
(10177,3,5050,5039,5028)
(10149,3,5049,5038,5033,5028,5023,5018,5007,5002)
(10039,3,5004,5003,5002,5007,5018,5023,5028,5033,5038,5049)
(10257,3,5051,5040,5029,5023)
(10211,3,5007,5018,5029,5040)
(10440,3,5004,5009,5020,5031,5042,5053)
(10004,3,5016,5027,5038,5049)
(10158,3,5020,5031,5042,5053)
(10308,3,5002,5007,5018,5023,5028,5039)
(10309,3,5051,5040,5029,5018,5013,5014,5015)
(10105,3,5042,5031,5020,5009,5003)
(10132,3,5004,5009,5020,5031,5042)
(10031,3,5004,5009,5020,5031,5042)
(10297,3,5022,5023,5024,5025,5031,5042,5053)
(10480,3,5022,5023,5024,5025,5031,5042,5053)
(10216,3,5057,5051,5040,5029,5018,5007)
(10441,3,5049,5038,5033,5028,5023,5018,5007)
(10350,3,5038,5033,5028,5023,5018,5007)
(10140,3,5027,5016,5005)
(10328,3,5032,5026,5025,5024,5018,5007,5001)
(10029,3,5031,5025,5024,5018,5012,5011,5005)
(10109,3,5031,5025,5024,5018,5007,5001)
(10075,3,5039,5028,5023,5018,5007)
(10372,3,5020,5031,5042,5053,5058)
(10194,3,5004,5009,5020,5031,5042,5053,5058)
(10348,3,5004,5009,5020,5031,5042,5053,5058)
(10317,3,5023,5029,5040,5051)
(10099,3,5040,5029,5018,5007,5002,5003,5004)
(10090,3,5010,5021,5032,5043,5054)
(10454,3,5031,5025,5024,5018,5007)
(10161,3,5027,5016,5005)
(10497,3,5032,5043,5054)
(10326,3,5025,5031,5042,5053)
(10080,3,5049,5038,5033,5028,5023,5018,5007)
(10293,3,5049,5038,5033,5028,5023,5018,5007)
(10041,3,5039,5028,5023,5018,5007,5002)
(10501,3,5029,5018,5007)
(10281,3,5050,5039,5028,5017,5006)
(10022,3,5050,5039,5028,5023,5018)
(10408,3,5029,5018,5007)
(10136,3,5027,5016,5005)
(10484,3,5003,5009,5020,5031,5042,5053)
(10256,3,5025,5031,5042,5053,5059)
(10025,3,5030,5041,5052)
(10362,3,5021,5032,5043,5054)
(10508,3,5029,5040,5051)
(10078,3,5031,5020,5009,5003)
(10451,3,5011,5016,5027,5038,5049)
(10384,3,5028,5017,5006)
(10335,3,5038,5027,5016,5005)
(10148,3,5053,5042,5031,5025,5024,5018,5012,5011)
(10296,3,5028,5017,5006)
(10426,3,5021,5032,5043)
(10056,3,5043,5032,5026,5025,5024,5018,5012)
(10094,3,5023,5029,5040,5051,5057)
(10419,3,5038,5027,5016,5005)
(10176,3,5031,5020,5009,5003)
(10287,3,5058,5053,5042,5031,5020)
(10034,3,5029,5040,5051)
(10092,3,5000,5005,5016,5027,5038,5049)
(10448,3,5003,5002,5007,5018,5023,5028,5039,5050)
(10219,3,5059,5053,5042,5031,5020)
(10483,3,5053,5042,5031,5025,5024,5023)
(10374,3,5038,5027,5016,5005,5000)
(10353,3,5031,5042,5053,5059)
(10131,3,5042,5031,5025,5019)
(10269,3,5031,5042,5053,5059)
(10391,3,5014,5013,5018,5029,5040,5051)
(10232,3,5051,5040,5029,5018,5007,5001)
(10077,3,5038,5027,5016)
(10119,3,5050,5044,5038,5027)
(10364,3,5031,5042,5053)
(10340,3,5023,5029,5040,5051,5057)
(10180,3,5027,5016,5005)
(10477,3,5032,5043,5054)
(10405,3,5032,5043,5054)
(10331,3,5049,5038,5027)
(10157,3,5020,5031,5042,5053)
(10343,3,5057,5051,5040,5029,5023)
(10379,3,5027,5016,5005)
(10291,3,5031,5020,5009)
(10102,3,5021,5032,5043,5054)
(10302,3,5049,5038,5027,5016,5011)
(10171,3,5043,5032,5026,5025,5024,5018)
(10413,3,5027,5016,5005)
(10461,3,5027,5016,5005)
(10020,3,5020,5031,5042,5053)
(10059,3,5024,5025,5031,5042,5053,5059)
(10455,3,5019,5025,5031,5042,5053)
(10345,3,5032,5043,5054)
(10142,3,5022,5023,5024,5025,5031,5042,5053,5059)
(10428,3,5038,5033,5028,5023,5018,5007,5002)
(10312,3,5032,5043,5054)
