#(carId,StartTime,RoadId...)
(10448,1,5011,5012,5013,5019,5030,5041)
(10079,3,5022,5023,5024,5030,5036,5037,5043,5054)
(10392,4,5014,5015,5021,5032,5043,5054)
(10441,6,5054,5043,5032,5021)
(10477,7,5030,5036,5042,5053)
(10175,7,5030,5041,5052)
(10446,8,5027,5038,5049)
(10472,11,5029,5018,5007)
(10336,11,5015,5020,5025,5030,5041,5052)
(10264,12,5040,5029,5018)
(10096,14,5041,5030,5019,5008,5002,5001)
(10465,14,5007,5018,5029,5040)
(10463,15,5011,5012,5013,5019,5030,5036,5042,5053)
(10469,15,5010,5015,5014,5013,5018,5029,5034,5039)
(10390,16,5039,5028,5017,5006)
(10462,16,5038,5027,5016,5005,5000)
(10283,18,5018,5029,5040,5051,5057)
(10459,19,5013,5014,5015,5021,5032,5043,5054)
(10090,20,5032,5043,5054)
(10327,21,5001,5002,5008,5019,5030)
(10051,22,5005,5016,5027,5038)
(10088,23,5010,5015,5014,5013,5018,5029,5034,5039,5044)
(10198,23,5032,5021,5015,5014,5008,5002,5001)
(10120,24,5028,5039,5050)
(10313,25,5024,5030,5036,5037,5043,5054)
(10353,26,5054,5043,5032,5021,5015)
(10183,27,5029,5040,5051,5057)
(10004,28,5039,5034,5029,5018,5007,5002,5003)
(10426,29,5003,5002,5007,5018,5029,5034,5039,5044)
(10123,31,5005,5016,5027)
(10351,32,5013,5014,5015,5021,5032,5043,5054)
(10232,33,5030,5019,5008,5002)
(10373,34,5030,5041,5052)
(10376,34,5029,5018,5007)
(10496,35,5014,5015,5021,5032,5043,5054)
(10110,36,5036,5030,5019,5008)
(10411,36,5039,5034,5029,5018,5007)
(10325,37,5019,5030,5041,5052)
(10143,38,5032,5043,5054)
(10177,39,5003,5002,5007,5018,5029,5034,5039,5044,5049)
(10491,40,5000,5005,5016,5027,5038)
(10114,42,5032,5021,5010,5004)
(10147,43,5007,5018,5029,5034,5039,5044)
(10066,44,5049,5044,5039,5034,5029,5018,5013,5014,5015)
(10294,45,5024,5030,5036,5042,5053)
(10483,46,5028,5017,5006,5000)
(10482,47,5023,5024,5030,5036,5037,5043,5054)
(10174,48,5010,5015,5014,5013,5018,5029,5034,5039,5044,5049)
(10417,50,5020,5031,5042)
(10084,51,5051,5040,5029,5018,5013,5014)
(10176,52,5003,5008,5019,5030,5041)
(10158,52,5053,5042,5031,5020,5015)
(10151,53,5013,5019,5030,5036,5042,5053)
(10355,54,5038,5027,5016)
(10370,55,5012,5013,5019,5030,5036,5042,5053)
(10372,56,5031,5020,5009)
(10145,59,5002,5008,5019,5030,5041)
(10377,60,5000,5001,5002,5008,5019,5030,5036)
(10388,60,5040,5029,5023,5017,5011)
(10349,61,5029,5018,5007)
(10111,61,5015,5014,5013,5018,5029,5040,5051)
(10087,63,5044,5039,5034,5029,5018,5007,5002)
(10155,65,5011,5012,5013,5014,5015,5021,5032,5043,5054)
(10348,65,5029,5018,5007,5001,5000)
(10103,66,5027,5016,5005)
(10436,69,5030,5019,5008,5002)
(10164,69,5039,5028,5017,5006)
(10367,70,5018,5029,5034,5039,5044,5049)
(10394,70,5051,5040,5029,5018,5013)
(10093,70,5042,5036,5030,5019,5008,5002,5001)
(10092,71,5020,5025,5030,5041,5052)
(10328,72,5008,5019,5030,5036)
(10010,73,5000,5005,5016,5027,5038)
(10043,74,5021,5032,5043,5054)
(10005,75,5030,5019,5008,5002,5001)
(10208,77,5036,5030,5019,5008,5002,5001)
(10276,78,5019,5030,5036,5042,5053)
(10466,79,5031,5020,5009)
(10502,81,5054,5043,5037,5036,5030,5024,5023)
(10275,82,5027,5016,5005)
(10499,82,5019,5030,5036,5042,5053)
(10274,85,5041,5030,5019,5008,5002,5001)
(10252,86,5043,5032,5021,5015,5014)
(10508,86,5050,5039,5028,5017)
(10268,86,5036,5030,5019,5008)
(10253,87,5054,5043,5037,5036,5030,5024,5023,5022)
(10027,88,5051,5040,5029,5018,5013)
(10015,89,5049,5044,5039,5034,5029,5018,5013)
(10225,90,5008,5019,5030,5041)
(10495,90,5028,5017,5006)
(10255,91,5050,5039,5034,5029,5018,5013,5014,5015)
(10163,92,5030,5019,5008,5002,5001)
(10018,92,5041,5030,5019,5013,5012)
(10308,95,5027,5016,5005)
(10430,97,5050,5039,5028,5017,5011)
(10064,99,5018,5029,5034,5039,5050)
(10432,100,5003,5008,5019,5030,5041)
(10057,100,5027,5038,5044,5050)
(10442,101,5023,5024,5030,5036,5042,5053)
(10292,101,5053,5042,5031,5020,5015)
(10055,102,5000,5001,5007,5018,5029)
(10054,103,5009,5020,5031)
(10457,104,5054,5043,5032,5021,5015,5014,5013)
(10053,104,5015,5021,5032,5043)
(10290,105,5039,5028,5017,5006)
(10288,106,5044,5039,5034,5029,5018,5007,5002)
(10452,107,5019,5030,5036,5042,5053)
(10136,109,5039,5034,5029,5018,5007,5002)
(10244,109,5053,5042,5031,5020,5009)
(10363,111,5011,5016,5027,5038,5049)
(10509,112,5012,5013,5019,5030,5036,5042,5053)
(10254,113,5032,5043,5054)
(10209,117,5039,5028,5017)
(10295,118,5057,5051,5040,5029,5018)
(10179,118,5014,5013,5018,5029,5040,5051)
(10234,119,5039,5034,5029,5018,5013,5014,5015,5010)
(10365,120,5032,5043,5054)
(10511,120,5015,5020,5025,5030,5041,5052)
(10326,121,5014,5013,5018,5029,5040,5051)
(10284,122,5024,5030,5036,5037,5043,5054)
(10286,122,5000,5001,5007,5018,5029,5040)
(10168,125,5040,5029,5023,5017,5011)
(10192,125,5040,5029,5023,5017)
(10165,125,5042,5031,5020,5009)
(10146,125,5049,5038,5027,5016,5005,5000)
(10269,127,5015,5021,5032,5043,5054)
(10334,128,5049,5044,5039,5034,5029,5018,5007,5002,5003)
(10216,128,5013,5018,5029,5040,5051)
(10159,129,5040,5029,5018,5007,5002,5003)
(10217,130,5049,5044,5039,5034,5029,5018,5013,5014)
(10220,131,5008,5019,5030,5036)
(10260,132,5038,5027,5016)
(10267,132,5042,5031,5020)
(10071,134,5031,5042,5053)
(10063,135,5027,5038,5044,5050)
(10447,135,5015,5020,5025,5030,5041,5052)
(10475,138,5015,5014,5013,5018,5029,5034,5039,5050)
(10403,139,5050,5039,5034,5029,5018,5013)
(10399,140,5028,5017,5006,5000)
(10404,140,5038,5027,5016,5005,5000)
(10476,141,5012,5013,5019,5030,5036,5042)
(10486,143,5012,5013,5014,5015,5021,5032,5043)
(10484,145,5012,5013,5019,5030,5036,5042)
(10091,145,5029,5018,5007)
(10072,146,5023,5024,5030,5036,5042,5053)
(10131,146,5043,5032,5021,5015,5014,5008,5002,5001)
(10406,147,5051,5040,5029,5023)
(10419,150,5031,5042,5053)
(10423,150,5015,5020,5025,5030,5041,5052)
(10420,152,5036,5030,5019,5008)
(10040,153,5029,5018,5007,5001)
(10428,154,5042,5031,5020,5015,5010)
(10380,155,5031,5042,5053)
(10032,155,5044,5039,5034,5029,5018,5007,5002)
(10453,156,5015,5020,5031,5042,5053)
(10046,156,5041,5030,5019,5008,5002,5001)
(10379,157,5031,5020,5009)
(10130,160,5000,5005,5016,5027,5038)
(10382,160,5010,5015,5014,5013,5018,5029,5040,5051)
(10049,161,5003,5002,5007,5018,5029,5034,5039,5044)
(10497,161,5041,5030,5025,5020,5015,5010)
(10422,164,5039,5028,5017,5011)
(10221,165,5028,5017,5006,5000)
(10393,165,5024,5030,5036,5037,5043,5054)
(10213,166,5007,5018,5029,5040,5051,5057)
(10038,169,5001,5002,5008,5019,5030,5036,5042,5053)
(10073,170,5014,5013,5018,5029,5040,5051)
(10323,171,5013,5019,5030,5041)
(10189,173,5057,5051,5040,5029,5023,5022)
(10467,173,5003,5002,5007,5018,5029,5034,5039,5044)
(10464,174,5031,5020,5009)
(10298,175,5052,5041,5030,5025,5020)
(10065,178,5018,5029,5034,5039,5044,5049)
(10287,179,5008,5014,5015,5021,5032,5043)
(10296,180,5018,5029,5040,5051,5057)
(10197,180,5018,5029,5040)
(10312,180,5032,5043,5054)
(10454,181,5054,5043,5032,5026)
(10474,181,5000,5001,5002,5008,5014,5015,5021,5032,5043)
(10277,182,5032,5021,5015,5014,5008,5002)
(10180,182,5013,5019,5030,5036,5042)
(10366,183,5040,5029,5018,5007,5002,5003)
(10361,184,5043,5032,5021,5015)
(10480,185,5032,5021,5015,5014,5008)
(10235,186,5018,5029,5040,5051,5057)
(10127,187,5012,5013,5019,5030,5041)
(10356,188,5030,5041,5052)
(10247,188,5051,5040,5029,5018,5013)
(10471,189,5032,5021,5010)
(10346,190,5015,5020,5031,5042,5053)
(10013,191,5030,5019,5008,5002,5001)
(10154,193,5036,5030,5019,5008,5002)
(10397,194,5014,5013,5018,5029,5034,5039,5050)
(10378,194,5036,5030,5019,5008)
(10340,195,5039,5028,5017)
(10333,196,5029,5018,5007)
(10408,197,5053,5042,5036,5030,5019,5013,5012,5011)
(10257,198,5051,5040,5029,5018,5013,5014,5015,5010)
(10094,199,5002,5007,5018,5029,5034,5039,5044,5049)
(10344,199,5051,5040,5029,5018,5007,5001)
(10427,200,5029,5018,5007)
(10077,201,5024,5030,5036,5037,5043,5054)
(10337,202,5031,5042,5053)
(10021,203,5036,5030,5019,5008,5002,5001,5000)
(10172,204,5051,5040,5029,5018,5013)
(10173,205,5002,5007,5018,5029,5034,5039,5050)
(10261,208,5023,5029,5040,5051)
(10256,208,5011,5012,5013,5019,5030,5036,5042)
(10473,209,5013,5019,5030,5036,5042,5053)
(10259,210,5028,5017,5006)
(10488,213,5057,5051,5040,5029,5023,5017)
(10500,213,5014,5013,5018,5029,5034,5039,5044,5049)
(10493,214,5029,5040,5051,5057)
(10329,214,5001,5002,5008,5019,5030)
(10368,215,5054,5043,5032,5021,5015,5014,5008,5002)
(10369,216,5007,5018,5029,5040,5051,5057)
(10354,219,5011,5017,5023,5029,5040)
(10374,219,5010,5021,5032,5043)
(10381,223,5000,5001,5002,5008,5014,5015,5021,5032)
(10345,224,5041,5030,5019,5013,5012)
(10405,224,5019,5030,5041,5052)
(10342,225,5014,5013,5018,5029,5034,5039,5044,5049)
(10330,227,5028,5017,5006,5000)
(10398,227,5011,5017,5028,5039,5050)
(10249,227,5032,5021,5015,5014,5008)
(10324,229,5016,5027,5038)
(10470,229,5050,5039,5034,5029,5018,5013,5014,5015,5010)
(10320,230,5024,5030,5036,5037,5043,5054)
(10314,231,5029,5018,5007,5001,5000)
(10410,232,5028,5017,5006,5000)
(10391,234,5039,5034,5029,5018,5007,5002)
(10451,234,5002,5008,5014,5015,5021,5032)
(10293,234,5023,5029,5040,5051,5057)
(10282,235,5050,5039,5034,5029,5018,5013,5014)
(10435,236,5030,5036,5042,5053)
(10278,236,5040,5029,5018,5007)
(10204,237,5042,5036,5030,5019,5008)
(10025,240,5036,5030,5019,5008,5002)
(10224,241,5032,5043,5054)
(10031,241,5018,5029,5040)
(10149,242,5031,5020,5009)
(10207,243,5014,5015,5021,5032,5043,5054)
(10150,244,5028,5039,5050)
(10119,245,5043,5032,5021,5015,5014,5008)
(10002,246,5012,5013,5019,5030,5036,5042)
(10409,246,5032,5021,5015,5014,5008,5002)
(10059,247,5023,5029,5040,5051,5057)
(10188,249,5053,5042,5036,5030,5019,5008,5002)
(10161,250,5000,5005,5016,5027,5038)
(10194,251,5039,5028,5017,5006)
(10098,252,5032,5021,5015,5014,5008,5002,5001,5000)
(10226,253,5032,5021,5015,5014,5008,5002)
(10101,253,5052,5041,5030,5019,5008,5003)
(10007,254,5010,5015,5014,5013,5018,5029,5034,5039,5044,5049)
(10162,254,5032,5021,5010)
(10230,256,5024,5030,5036,5037,5043,5054)
(10141,257,5003,5002,5007,5018,5029,5034,5039,5044,5049)
(10008,257,5017,5023,5029,5040,5051)
(10011,258,5050,5039,5028,5017,5006)
(10006,259,5013,5019,5030,5036,5042)
(10415,261,5022,5023,5024,5030,5036,5037,5043,5054)
(10306,262,5012,5013,5019,5030,5041)
(10439,262,5010,5015,5014,5013,5018,5029,5040,5051)
(10082,264,5028,5017,5006)
(10421,266,5023,5029,5040,5051)
(10383,267,5038,5027,5016,5005,5000)
(10424,267,5015,5020,5031,5042,5053)
(10061,269,5031,5020,5009)
(10412,269,5027,5016,5005)
(10199,270,5036,5030,5019,5008,5002,5001)
(10200,273,5018,5029,5034,5039,5044,5049)
(10310,274,5029,5018,5007)
(10085,275,5000,5006,5017,5028,5039)
(10449,277,5051,5040,5029,5018,5013,5014)
(10186,277,5054,5043,5032,5021,5015)
(10107,278,5024,5030,5036,5037,5043,5054)
(10106,278,5032,5021,5015,5014,5008,5002,5001,5000)
(10305,280,5032,5021,5015,5014,5008,5002)
(10099,281,5030,5041,5052)
(10166,282,5002,5007,5018,5029,5034,5039,5044)
(10503,283,5041,5030,5019,5008,5002,5001)
(10322,284,5050,5039,5034,5029,5018,5007)
(10401,284,5009,5020,5031,5042,5053)
(10400,285,5021,5032,5043,5054)
(10169,288,5031,5042,5053)
(10029,288,5026,5032,5043,5054)
(10035,289,5008,5014,5015,5021,5032)
(10317,291,5039,5034,5029,5018,5007,5002,5003)
(10371,291,5032,5021,5010,5004)
(10201,291,5041,5030,5019,5013)
(10034,292,5024,5030,5036,5042,5053)
(10272,293,5053,5042,5036,5030,5024)
(10270,293,5011,5017,5023,5029,5040,5051)
(10214,294,5011,5017,5023,5029,5040,5051)
(10126,296,5000,5001,5002,5008,5014,5015,5021,5032)
(10231,296,5001,5002,5008,5014,5015,5021,5032,5043)
(10347,300,5028,5017,5006)
(10273,300,5031,5042,5053)
(10396,300,5039,5034,5029,5018,5007,5002,5003)
(10148,301,5051,5040,5029,5018,5007)
(10251,302,5008,5014,5015,5021,5032,5043,5054)
(10122,303,5014,5013,5018,5029,5040,5051)
(10479,305,5008,5019,5030)
(10017,305,5040,5029,5018,5007,5001)
(10124,305,5029,5018,5007,5001,5000)
(10281,306,5019,5030,5036,5042,5053)
(10052,307,5024,5030,5036,5042,5053)
(10153,308,5010,5015,5014,5013,5018,5029,5034,5039,5044)
(10343,309,5044,5039,5034,5029,5018,5013,5014,5015,5010)
(10263,309,5040,5029,5018,5007,5001)
(10039,311,5029,5040,5051)
(10245,312,5049,5038,5027,5016)
(10047,315,5040,5029,5018,5007,5002)
(10456,315,5029,5018,5007,5001,5000)
(10210,316,5014,5013,5018,5029,5040,5051)
(10128,316,5031,5042,5053)
(10112,316,5009,5020,5031,5042)
(10384,317,5043,5032,5021,5015,5014)
(10132,319,5000,5001,5002,5008,5019,5030,5036)
(10238,320,5020,5031,5042)
(10115,321,5030,5019,5008,5002,5001,5000)
(10105,322,5013,5018,5029,5040,5051)
(10116,323,5011,5012,5013,5019,5030,5041)
(10389,323,5036,5030,5019,5008,5002)
(10133,324,5000,5001,5007,5018,5029,5040)
(10108,325,5051,5040,5029,5018,5013,5014,5015)
(10360,326,5013,5019,5030,5036,5042)
(10125,327,5023,5024,5030,5036,5042,5053)
(10048,328,5041,5030,5019,5008,5003)
(10012,331,5023,5029,5040,5051)
(10014,332,5008,5019,5030,5041)
(10487,335,5023,5024,5030,5036,5037,5043,5054)
(10501,336,5030,5036,5042,5053)
(10498,336,5049,5044,5039,5034,5029,5018,5007,5002)
(10024,337,5043,5032,5021,5015)
(10485,338,5029,5040,5051)
(10490,339,5030,5036,5042,5053)
(10026,339,5015,5014,5013,5018,5029,5034,5039,5050)
(10028,340,5030,5019,5008,5002,5001)
(10489,340,5036,5030,5019,5008,5002,5001,5000)
(10033,341,5032,5043,5054)
(10458,342,5001,5002,5008,5014,5015,5021,5032,5043)
(10455,343,5042,5036,5030,5019,5013,5012)
(10478,343,5015,5020,5031,5042,5053)
(10104,344,5049,5044,5039,5034,5029,5018,5013,5014,5015,5010)
(10050,345,5052,5041,5030,5025,5020,5015,5010)
(10060,346,5000,5001,5002,5008,5014,5015,5021,5032,5043)
(10445,347,5027,5016,5005)
(10437,348,5031,5020,5009)
(10067,349,5003,5008,5019,5030,5041)
(10429,350,5029,5040,5051)
(10078,351,5019,5030,5041,5052)
(10413,353,5044,5039,5034,5029,5018,5007,5002,5003)
(10086,354,5028,5017,5006,5000)
(10407,355,5053,5042,5031,5020)
(10097,356,5057,5051,5040,5029,5023,5017,5011)
(10100,357,5054,5043,5032,5021,5010,5004)
(10402,358,5010,5015,5020,5025,5030,5041,5052)
(10301,359,5002,5007,5018,5029,5034,5039,5044)
(10242,360,5030,5036,5037,5043,5054)
(10321,362,5028,5017,5006)
(10339,363,5038,5027,5016,5005,5000)
(10299,364,5053,5042,5036,5030)
(10160,365,5041,5030,5019)
(10258,365,5049,5038,5027,5016,5011)
(10196,366,5020,5031,5042,5053)
(10262,367,5038,5027,5016,5005,5000)
(10227,368,5008,5019,5030,5041)
(10297,369,5004,5010,5021,5032)
(10315,370,5013,5018,5029,5034,5039,5050)
(10416,372,5032,5021,5010,5004)
(10233,372,5023,5029,5040,5051)
(10218,373,5023,5024,5030,5036,5042,5053)
(10279,375,5026,5032,5043,5054)
(10139,377,5049,5038,5027,5016,5011)
(10206,377,5050,5039,5034,5029,5018,5013,5014)
(10138,378,5027,5016,5005)
(10185,379,5017,5028,5039,5050)
(10229,380,5026,5032,5043,5054)
(10212,381,5053,5042,5036,5030,5024,5023,5022)
(10190,382,5032,5021,5010)
(10243,383,5015,5014,5013,5018,5029,5040,5051)
(10000,384,5040,5029,5018,5007,5001)
(10019,386,5012,5013,5019,5030,5041)
(10074,387,5000,5006,5017,5028,5039)
(10265,388,5032,5021,5015,5014,5008,5002,5001)
(10075,389,5003,5002,5007,5018,5029,5034,5039,5044)
(10228,391,5032,5043,5054)
(10081,393,5043,5032,5021,5015,5014,5008,5002,5001)
(10418,394,5022,5023,5024,5030,5036,5037,5043,5054)
(10250,394,5053,5042,5036,5030,5019,5008)
(10425,394,5049,5038,5027,5016,5005)
(10481,394,5008,5014,5015,5021,5032,5043,5054)
(10083,395,5032,5043,5054)
(10036,397,5011,5012,5013,5019,5030,5041)
(10037,398,5003,5002,5007,5018,5029,5040,5051)
(10041,399,5030,5036,5042,5053)
(10280,400,5030,5019,5008)
(10042,400,5012,5013,5014,5015,5021,5032,5043,5054)
(10289,402,5051,5040,5029,5018,5007)
(10300,402,5032,5021,5010)
(10461,403,5008,5019,5030)
(10203,403,5028,5017,5006)
(10271,405,5032,5043,5054)
(10030,405,5030,5019,5008,5002,5001)
(10020,406,5036,5030,5019,5008,5002,5001)
(10195,409,5041,5030,5019,5013,5012,5011)
(10219,409,5000,5001,5007,5018,5029,5040,5051,5057)
(10222,409,5015,5020,5025,5030,5041,5052)
(10193,410,5041,5030,5019,5013)
(10191,412,5029,5040,5051)
(10309,413,5011,5017,5023,5029,5040)
(10023,413,5030,5019,5008,5002)
(10022,415,5003,5008,5019,5030,5041,5052)
(10450,416,5032,5043,5054)
(10121,416,5029,5018,5007)
(10359,418,5031,5042,5053)
(10109,418,5051,5040,5029,5018)
(10492,421,5004,5010,5021,5032,5043)
(10387,421,5027,5016,5005)
(10113,422,5002,5007,5018,5029,5034,5039)
(10156,423,5043,5032,5021,5010)
(10385,424,5014,5013,5018,5029,5034,5039,5050)
(10239,425,5014,5013,5018,5029,5034,5039,5044,5049)
(10241,427,5028,5039,5050)
(10341,427,5028,5017,5006,5000)
(10152,429,5030,5019,5008,5002,5001,5000)
(10237,429,5027,5016,5005)
(10129,430,5057,5051,5040,5029)
(10364,433,5020,5025,5030,5041,5052)
(10357,435,5003,5002,5007,5018,5029,5034,5039,5050)
(10504,435,5051,5040,5029,5018,5007,5001)
(10137,436,5029,5040,5051)
(10510,436,5000,5001,5002,5008,5019,5030)
(10135,436,5032,5021,5015,5014,5008,5002)
(10362,437,5036,5030,5019,5008,5002)
(10001,437,5032,5043,5054)
(10182,438,5030,5041,5052)
(10157,439,5030,5019,5008)
(10089,439,5026,5032,5043,5054)
(10316,440,5015,5021,5032,5043)
(10187,442,5031,5020,5009)
(10318,442,5050,5039,5034,5029,5018,5013)
(10184,445,5031,5042,5053)
(10319,445,5015,5021,5032,5043,5054)
(10246,446,5043,5032,5021,5015,5014,5008,5002,5001)
(10311,447,5042,5036,5030,5019)
(10102,449,5053,5042,5031)
(10178,451,5003,5002,5007,5018,5029,5034,5039)
(10009,452,5053,5042,5031,5020,5015,5010)
(10171,452,5000,5001,5007,5018,5029,5040,5051)
(10494,453,5030,5036,5042,5053)
(10236,454,5017,5028,5039)
(10335,456,5043,5032,5021,5015,5014,5013,5012,5011)
(10248,457,5041,5030,5019,5013,5012)
(10332,457,5028,5017,5006,5000)
(10016,458,5054,5043,5032,5021)
(10068,459,5032,5043,5054)
(10215,460,5036,5030,5019,5008,5002,5001)
(10003,461,5020,5025,5030,5041,5052)
(10506,463,5009,5020,5031)
(10266,465,5050,5039,5028,5017)
(10505,465,5027,5016,5005)
(10240,466,5030,5036,5042,5053)
(10223,467,5052,5041,5030,5025,5020,5015,5010)
(10303,469,5026,5032,5043,5054)
(10468,469,5040,5029,5018,5007,5001)
(10338,470,5003,5002,5007,5018,5029,5034,5039,5050)
(10307,472,5023,5024,5030,5036,5037,5043,5054)
(10414,473,5015,5021,5032,5043,5054)
(10095,473,5016,5027,5038,5049)
(10181,474,5028,5017,5006,5000)
(10507,474,5040,5029,5018,5007)
(10170,475,5054,5043,5032)
(10167,476,5015,5014,5013,5018,5029,5040,5051)
(10304,476,5032,5043,5054)
(10331,478,5054,5043,5037,5036,5030,5024,5023,5022)
(10395,480,5030,5019,5008,5002)
(10118,481,5020,5031,5042,5053)
(10117,481,5031,5042,5053)
(10144,484,5039,5028,5017,5006)
(10375,484,5030,5041,5052)
(10302,484,5032,5043,5054)
(10142,485,5011,5012,5013,5019,5030,5041)
(10140,487,5052,5041,5030)
(10350,487,5053,5042,5036,5030,5019)
(10386,488,5040,5029,5018,5007,5002)
(10358,489,5014,5015,5021,5032,5043,5054)
(10352,490,5043,5032,5021,5015,5014,5013,5012,5011)
(10134,491,5043,5032,5021,5015,5014,5008,5002,5001,5000)
(10044,491,5049,5044,5039,5034,5029,5018,5013,5014,5015)
(10045,493,5049,5044,5039,5034,5029,5018,5007,5002,5003)
(10460,494,5023,5029,5040,5051)
(10285,495,5005,5016,5027)
(10202,496,5052,5041,5030,5025,5020,5015)
(10443,498,5032,5043,5054)
(10056,499,5040,5029,5023,5017,5011)
(10058,500,5043,5032,5021,5015,5014,5008)
(10211,501,5020,5031,5042,5053)
(10440,504,5001,5002,5008,5019,5030)
(10062,504,5043,5032,5021,5015,5014,5008)
(10434,505,5002,5008,5014,5015,5021,5032)
(10438,507,5014,5013,5018,5029,5040,5051)
(10069,507,5057,5051,5040,5029,5018,5007,5001,5000)
(10205,508,5032,5021,5010,5004)
(10070,509,5042,5036,5030,5019,5008,5002)
(10444,510,5040,5029,5018,5013,5014,5015,5010)
(10080,511,5013,5014,5015,5021,5032,5043,5054)
(10291,511,5039,5028,5017)
(10076,513,5043,5032,5021,5015,5014,5008,5002)
(10433,514,5032,5043,5054)
(10431,525,5039,5034,5029,5018,5013,5014,5015,5010)
