#(carId,StartTime,RoadId...)
(10025,413,5027,5016,5005)
(10031,418,5027,5016,5005)
(10033,416,5030,5019,5008)
(10022,424,5032,5043,5054)
(10054,285,5027,5016,5005)
(10006,264,5028,5039,5050)
(10034,275,5031,5042,5053)
(10052,283,5031,5042,5053)
(10158,410,5031,5042,5053)
(10040,277,5032,5043,5054)
(10045,432,5032,5043,5054)
(10393,377,5007,5018,5029)
(10462,327,5007,5018,5029)
(10053,434,5001,5007,5018,5029)
(10321,225,5020,5031,5042)
(10088,235,5021,5032,5043)
(10191,308,5021,5032,5043)
(10063,243,5027,5016,5005)
(10107,391,5027,5016,5005)
(10164,408,5031,5042,5053)
(10216,490,5031,5042,5053)
(10448,311,5020,5031,5042)
(10247,168,5032,5021,5010,5004)
(10258,162,5032,5021,5010,5004)
(10480,238,5032,5021,5010)
(10004,262,5003,5009,5020,5031)
(10130,69,5038,5027,5016)
(10236,145,5021,5032,5043)
(10364,193,5032,5021,5010,5004)
(10172,396,5018,5029,5040)
(10418,47,5031,5042,5053)
(10097,36,5032,5043,5054)
(10135,328,5032,5043,5054)
(10156,412,5032,5043,5054)
(10217,480,5032,5043,5054)
(10383,347,5018,5029,5040)
(10385,190,5007,5018,5029,5040)
(10329,178,5019,5030,5041)
(10026,421,5054,5043,5032)
(10129,69,5027,5016,5005)
(10157,56,5027,5016,5005)
(10423,154,5031,5042,5053)
(10000,263,5020,5031,5042,5053)
(10085,443,5025,5031,5042,5053)
(10232,175,5032,5043,5054)
(10271,50,5032,5021,5010,5004,5003)
(10027,420,5039,5028,5017)
(10509,267,5006,5017,5028)
(10228,175,5003,5009,5020,5031)
(10072,442,5012,5018,5029,5040)
(10100,243,5012,5018,5029,5040)
(10167,302,5027,5016,5005)
(10003,261,5050,5039,5028,5022)
(10154,41,5053,5042,5031)
(10412,16,5028,5039,5050)
(10283,80,5032,5043,5054)
(10109,246,5040,5029,5018)
(10483,367,5002,5008,5019,5030)
(10032,417,5038,5027,5016,5005,5000)
(10168,14,5027,5016,5005)
(10327,139,5020,5031,5042,5053)
(10116,379,5025,5031,5042,5053)
(10288,65,5032,5043,5054)
(10290,513,5032,5043,5054)
(10244,169,5021,5032,5043,5054)
(10199,433,5027,5016,5005)
(10086,25,5039,5028,5017)
(10057,286,5032,5021,5010,5004,5003,5002)
(10422,368,5032,5021,5010,5004,5003,5002)
(10144,321,5030,5019,5008)
(10262,503,5010,5021,5032)
(10270,207,5052,5041,5030)
(10284,510,5052,5041,5030)
(10205,298,5027,5016,5005)
(10202,301,5030,5019,5008)
(10139,317,5051,5040,5029)
(10317,34,5010,5021,5032)
(10338,449,5010,5021,5032)
(10099,38,5017,5028,5039)
(10065,127,5027,5038,5049)
(10147,45,5027,5038,5049)
(10341,465,5027,5038,5049)
(10398,336,5027,5038,5049)
(10079,141,5029,5040,5051)
(10281,209,5029,5040,5051)
(10323,189,5018,5029,5040,5051)
(10220,318,5001,5007,5018,5029,5040,5051)
(10132,71,5030,5041,5052)
(10474,5,5030,5041,5052)
(10014,426,5019,5030,5041,5052)
(10041,278,5014,5019,5030,5041,5052)
(10260,501,5013,5019,5030,5041,5052)
(10416,209,5013,5019,5030,5041)
(10122,386,5003,5008,5019,5030,5041)
(10362,194,5042,5031,5020)
(10076,139,5028,5017,5006)
(10189,176,5028,5017,5006)
(10111,391,5051,5040,5029,5023)
(10292,63,5001,5002,5008,5019,5030)
(10335,161,5001,5002,5008,5019,5030)
(10051,282,5016,5027,5038,5049)
(10145,381,5016,5027,5038,5049)
(10326,451,5016,5027,5038,5049)
(10218,487,5011,5016,5027,5038,5049)
(10381,342,5011,5016,5027,5038,5049)
(10266,205,5013,5018,5029,5040,5051)
(10254,499,5024,5030,5041,5052)
(10273,207,5013,5019,5030,5041,5052)
(10036,97,5026,5032,5043,5054)
(10148,326,5026,5032,5043,5054)
(10163,410,5026,5032,5043,5054)
(10308,464,5032,5043,5054)
(10209,297,5027,5016,5005)
(10035,415,5054,5043,5032,5021)
(10064,228,5040,5029,5018,5012)
(10243,29,5030,5019,5008)
(10473,357,5040,5029,5018,5012)
(10083,233,5053,5042,5031,5020,5014)
(10108,8,5050,5039,5028)
(10056,157,5010,5021,5032,5043)
(10165,296,5010,5021,5032,5043)
(10134,329,5000,5005,5016,5027,5038,5049)
(10113,389,5017,5028,5039,5050)
(10460,55,5020,5031,5042,5053)
(10117,251,5015,5020,5031,5042,5053)
(10424,375,5039,5028,5017)
(10432,337,5039,5028,5017)
(10331,181,5054,5043,5032,5021)
(10162,293,5003,5008,5019,5030,5041)
(10001,259,5039,5028,5017,5006,5001)
(10211,147,5028,5017,5006)
(10131,258,5041,5030,5019,5013)
(10297,16,5024,5030,5041,5052)
(10379,203,5024,5030,5041,5052)
(10203,131,5025,5031,5042,5053)
(10102,394,5024,5025,5031,5042,5053)
(10170,406,5024,5025,5031,5042,5053)
(10214,89,5026,5032,5043,5054)
(10019,425,5025,5026,5032,5043,5054)
(10300,219,5026,5032,5043,5054)
(10403,364,5026,5032,5043,5054)
(10142,319,5011,5017,5028,5039)
(10149,388,5029,5018,5007,5001)
(10179,307,5030,5019,5008,5002)
(10091,446,5043,5032,5021,5015,5014)
(10307,465,5050,5039,5028)
(10367,480,5011,5017,5028,5039)
(10384,346,5040,5029,5018,5007)
(10015,117,5028,5017,5006,5000)
(10070,132,5028,5017,5006,5000)
(10289,216,5042,5031,5020,5014,5013)
(10105,244,5054,5043,5032,5021,5015,5014)
(10229,106,5053,5042,5031,5025)
(10294,20,5013,5019,5030,5041,5052)
(10388,187,5014,5019,5030,5041,5052)
(10152,321,5002,5008,5019,5030,5041,5052)
(10449,83,5038,5027,5016,5005)
(10471,253,5038,5027,5016,5005)
(10295,203,5052,5041,5030,5019)
(10181,318,5043,5032,5021)
(10151,415,5049,5038,5027,5016)
(10458,365,5053,5042,5031,5025)
(10028,273,5040,5029,5018,5007,5002)
(10231,484,5042,5031,5020,5009,5004)
(10153,290,5042,5031,5020,5014,5013,5012)
(10081,232,5053,5042,5031,5025,5024,5023,5022)
(10125,65,5004,5009,5020,5031,5042)
(10048,149,5014,5020,5031,5042,5053)
(10246,488,5024,5025,5031,5042,5053)
(10293,512,5024,5025,5031,5042,5053)
(10470,20,5026,5032,5043,5054)
(10055,436,5049,5038,5027,5016,5005)
(10210,501,5027,5016,5005)
(10227,173,5027,5016,5005)
(10012,428,5040,5029,5018,5007,5001)
(10037,98,5031,5020,5009,5003)
(10069,439,5038,5027,5016,5005,5000,5001,5002,5003)
(10005,429,5040,5029,5018,5007,5002,5003)
(10008,265,5003,5002,5001,5006,5017,5028,5039)
(10319,454,5040,5029,5018,5007,5002)
(10489,373,5003,5004,5010,5021,5032)
(10276,506,5002,5003,5004,5010,5021,5032)
(10196,41,5038,5027,5016,5005,5000)
(10225,275,5038,5027,5016,5005,5000)
(10074,136,5030,5019,5008,5002,5001)
(10103,393,5030,5019,5008,5002,5001)
(10068,230,5042,5031,5020,5014,5013,5012,5011)
(10195,399,5042,5031,5020,5014,5013,5012,5011)
(10013,427,5052,5041,5030,5019,5013,5012,5011)
(10291,216,5053,5042,5031,5025,5024)
(10240,127,5017,5028,5039,5050)
(10188,313,5022,5028,5039,5050)
(10185,75,5014,5020,5031,5042,5053)
(10090,29,5025,5026,5032,5043,5054)
(10501,94,5026,5032,5043,5054)
(10437,332,5051,5040,5029,5018)
(10252,499,5054,5043,5032,5026,5025)
(10136,326,5004,5003,5008,5019,5030,5041)
(10207,496,5004,5009,5020,5031,5042)
(10208,495,5014,5020,5031,5042)
(10490,376,5040,5029,5018,5007,5001)
(10410,356,5040,5029,5018,5007,5002,5003)
(10201,496,5052,5041,5030,5019,5014)
(10339,182,5038,5027,5016,5005,5000)
(10389,106,5030,5019,5008,5002)
(10178,402,5038,5027,5016,5005,5000,5001,5002,5003,5004)
(10353,473,5042,5031,5020,5014,5013,5012)
(10186,73,5053,5042,5031,5020,5015)
(10322,230,5051,5040,5029,5023,5022)
(10414,355,5051,5040,5029,5023,5022)
(10495,283,5053,5042,5031,5025,5024)
(10387,95,5011,5017,5028,5039)
(10436,122,5011,5017,5028,5039)
(10193,8,5002,5007,5018,5029,5040)
(10366,115,5006,5017,5028,5039,5050)
(10143,382,5001,5006,5017,5028,5039,5050)
(10492,281,5001,5006,5017,5028,5039,5050)
(10296,467,5011,5017,5028,5039,5050)
(10499,83,5014,5019,5030,5041,5052)
(10175,290,5023,5024,5030,5041,5052)
(10463,321,5024,5030,5041,5052)
(10404,225,5023,5024,5030,5041,5052)
(10355,98,5015,5020,5031,5042,5053)
(10043,431,5013,5014,5020,5031,5042,5053)
(10494,342,5015,5020,5031,5042,5053)
(10348,469,5053,5042,5031,5020,5014,5013)
(10239,180,5041,5030,5019)
(10078,140,5003,5004,5010,5021,5032,5043)
(10155,291,5052,5041,5030,5019,5008)
(10344,188,5051,5040,5029,5018,5007)
(10363,479,5051,5040,5029,5018,5007)
(10219,116,5030,5019,5008,5002,5001)
(10016,118,5031,5020,5009,5003,5002)
(10050,151,5041,5030,5019,5008,5002)
(10497,100,5040,5029,5018,5007,5002)
(10187,70,5042,5031,5020,5009,5003)
(10268,69,5027,5016,5005)
(10310,470,5027,5016,5005)
(10169,3,5003,5004,5010,5021,5032,5043)
(10438,122,5003,5009,5020,5031,5042,5053)
(10124,384,5004,5009,5020,5031,5042,5053)
(10182,401,5002,5003,5009,5020,5031,5042,5053)
(10121,19,5029,5018,5007,5001,5000)
(10241,184,5031,5020,5009)
(10304,11,5052,5041,5030,5019,5014)
(10466,326,5011,5017,5028,5039)
(10358,471,5013,5014,5020,5031,5042)
(10212,333,5002,5003,5004,5010,5021,5032,5043)
(10298,463,5002,5003,5004,5010,5021,5032,5043)
(10098,396,5051,5040,5029,5018,5007,5002)
(10204,501,5041,5030,5019,5008)
(10442,307,5030,5019,5008)
(10360,477,5050,5039,5028,5017)
(10257,66,5029,5018,5007,5001,5000)
(10306,221,5029,5018,5007,5001,5000)
(10279,45,5030,5019,5008,5002,5001)
(10075,138,5031,5020,5009,5003,5002)
(10096,239,5040,5029,5018,5007,5002,5003,5004)
(10351,189,5042,5031,5020,5014,5013,5012,5011)
(10332,129,5051,5040,5029,5018,5012)
(10400,182,5051,5040,5029,5018,5012)
(10120,253,5054,5043,5032,5021,5015,5014,5013,5012)
(10343,194,5043,5032,5021,5015)
(10345,477,5043,5032,5021,5015)
(10394,168,5043,5032,5021)
(10238,172,5001,5002,5003,5004,5010,5021,5032,5043)
(10506,85,5014,5019,5030,5041,5052)
(10137,76,5015,5014,5019,5030,5041,5052)
(10299,217,5002,5003,5009,5020,5031,5042,5053)
(10430,25,5010,5021,5032,5043,5054)
(10346,196,5032,5043,5054)
(10357,200,5032,5043,5054)
(10200,27,5011,5012,5018,5029,5040)
(10467,262,5011,5017,5028,5039)
(10221,113,5028,5017,5006,5000)
(10320,453,5040,5029,5018,5007,5001,5000)
(10342,185,5030,5019,5008,5002,5001)
(10160,61,5051,5040,5029,5018,5007,5002)
(10146,380,5054,5043,5032,5026,5025,5024,5023,5022)
(10192,10,5015,5021,5032,5043)
(10039,100,5013,5012,5017,5028,5039,5050)
(10340,457,5013,5012,5017,5028,5039,5050)
(10275,49,5015,5014,5019,5030,5041,5052)
(10405,359,5001,5002,5008,5019,5030,5041,5052)
(10038,414,5012,5013,5019,5030,5041,5052)
(10058,288,5012,5013,5019,5030,5041,5052)
(10336,463,5027,5016,5005)
(10350,485,5027,5016,5005)
(10352,486,5027,5016,5005)
(10101,242,5052,5041,5030,5019,5008,5002)
(10177,403,5052,5041,5030,5019,5008,5002)
(10242,491,5043,5032,5021,5015,5014,5013)
(10256,501,5000,5001,5002,5008,5019,5030,5041)
(10089,445,5039,5028,5017,5006,5001)
(10141,317,5043,5032,5021,5010,5004)
(10286,213,5054,5043,5032,5021,5010,5004)
(10197,38,5039,5028,5017,5006,5000)
(10303,464,5030,5019,5008,5002,5001,5000)
(10316,458,5030,5019,5008,5002,5001,5000)
(10444,348,5051,5040,5029,5018,5007,5002,5003)
(10150,331,5041,5030,5019,5008,5003,5004)
(10370,213,5027,5016,5005)
(10372,493,5027,5016,5005)
(10399,386,5027,5016,5005)
(10446,313,5050,5039,5028,5022)
(10333,143,5015,5021,5032,5043)
(10110,249,5012,5013,5019,5030,5041,5052)
(10312,226,5004,5003,5008,5019,5030,5041,5052)
(10429,341,5023,5024,5030,5041,5052)
(10106,393,5011,5012,5013,5019,5030,5041,5052)
(10119,388,5011,5012,5013,5019,5030,5041,5052)
(10337,159,5002,5003,5009,5020,5031,5042,5053)
(10061,161,5004,5010,5021,5032,5043,5054)
(10126,256,5004,5010,5021,5032,5043,5054)
(10482,366,5004,5010,5021,5032,5043,5054)
(10084,442,5002,5003,5004,5010,5021,5032,5043,5054)
(10215,490,5001,5002,5003,5004,5010,5021,5032,5043,5054)
(10456,298,5015,5021,5032,5043)
(10468,257,5053,5042,5031,5020,5014,5013,5012)
(10114,251,5049,5038,5027,5016,5011,5012)
(10213,335,5050,5039,5028,5017,5012)
(10224,489,5004,5003,5002,5007,5018,5029,5040)
(10457,361,5012,5018,5029,5040)
(10507,274,5040,5029,5018,5007,5002,5003,5004)
(10060,437,5051,5040,5029,5018,5007,5002,5003,5004)
(10401,242,5027,5016,5005)
(10159,57,5014,5013,5018,5029,5040,5051)
(10259,218,5011,5012,5013,5019,5030,5041,5052)
(10488,292,5023,5024,5030,5041,5052)
(10434,325,5001,5002,5003,5004,5010,5021,5032,5043,5054)
(10184,401,5011,5012,5013,5014,5020,5031,5042)
(10118,253,5014,5015,5021,5032,5043)
(10253,174,5041,5030,5019,5008,5002)
(10443,304,5042,5031,5020,5014,5013,5012,5011)
(10461,362,5053,5042,5031,5020,5014,5013,5012,5011)
(10392,198,5043,5032,5021,5015,5014)
(10413,34,5013,5012,5017,5028,5039,5050)
(10093,237,5015,5014,5013,5012,5017,5028,5039,5050)
(10249,498,5015,5014,5013,5012,5017,5028,5039,5050)
(10263,504,5015,5014,5013,5012,5017,5028,5039,5050)
(10356,95,5002,5007,5018,5029,5040,5051)
(10176,303,5015,5014,5013,5018,5029,5040,5051)
(10285,211,5000,5001,5007,5018,5029,5040,5051)
(10378,499,5015,5014,5013,5018,5029,5040,5051)
(10305,220,5022,5023,5024,5030,5041,5052)
(10459,365,5022,5023,5024,5030,5041,5052)
(10464,325,5022,5023,5024,5030,5041,5052)
(10325,116,5014,5020,5031,5042,5053)
(10374,478,5015,5021,5032,5043,5054)
(10287,216,5011,5012,5013,5014,5020,5031,5042)
(10077,441,5042,5031,5020,5009,5003,5002,5001)
(10406,359,5039,5028,5017,5006,5001)
(10349,148,5031,5020,5009,5003)
(10223,115,5041,5030,5019,5008,5003)
(10415,95,5027,5016,5005)
(10505,93,5050,5039,5028,5022)
(10062,124,5003,5002,5001,5000,5005,5016,5027,5038)
(10234,490,5012,5018,5029,5040,5051)
(10485,136,5013,5014,5020,5031,5042,5053)
(10395,378,5025,5031,5042,5053)
(10302,219,5024,5025,5031,5042,5053)
(10479,240,5015,5021,5032,5043,5054)
(10248,168,5025,5026,5032,5043,5054)
(10503,277,5026,5032,5043,5054)
(10059,436,5052,5041,5030,5019,5008,5002,5001)
(10478,242,5052,5041,5030,5019,5008,5002,5001)
(10440,358,5030,5019,5008,5002,5001)
(10315,46,5043,5032,5021,5010,5004)
(10376,201,5003,5002,5001,5000,5005,5016,5027,5038)
(10447,313,5039,5028,5017,5006)
(10475,23,5027,5016,5005)
(10493,165,5027,5016,5005)
(10250,176,5043,5032,5021,5015,5014,5013,5012)
(10441,154,5003,5002,5001,5000,5005,5016,5027,5038)
(10330,133,5011,5012,5013,5014,5020,5031,5042)
(10421,19,5013,5014,5015,5021,5032,5043)
(10007,109,5012,5013,5014,5015,5021,5032,5043)
(10233,122,5012,5011,5016,5027,5038,5049)
(10002,260,5023,5024,5025,5031,5042,5053)
(10087,234,5014,5015,5021,5032,5043,5054)
(10198,399,5014,5015,5021,5032,5043,5054)
(10334,453,5014,5015,5021,5032,5043,5054)
(10347,468,5038,5027,5016,5005,5000,5001,5002)
(10382,346,5038,5027,5016,5005,5000,5001,5002)
(10500,261,5038,5027,5016,5005,5000,5001,5002)
(10020,271,5043,5032,5021,5010,5004,5003)
(10439,347,5031,5020,5009,5003)
(10023,84,5051,5040,5029,5018,5007,5001,5000)
(10123,387,5051,5040,5029,5018,5007,5001,5000)
(10264,206,5051,5040,5029,5018,5007,5001,5000)
(10138,384,5031,5020,5009,5003,5002,5001,5000)
(10115,251,5050,5039,5028,5017,5006,5001)
(10402,36,5050,5039,5028,5017,5011)
(10230,494,5043,5032,5021,5015,5014,5013,5012,5011)
(10071,125,5049,5038,5027,5016,5011,5012,5013)
(10407,2,5001,5000,5005,5016,5027,5038,5049)
(10010,266,5002,5001,5000,5005,5016,5027,5038,5049)
(10301,9,5012,5018,5029,5040,5051)
(10428,346,5012,5018,5029,5040,5051)
(10128,70,5012,5013,5014,5020,5031,5042,5053)
(10180,309,5024,5025,5026,5032,5043,5054)
(10409,225,5025,5026,5032,5043,5054)
(10359,199,5032,5043,5054)
(10396,396,5032,5043,5054)
(10472,364,5041,5030,5019,5008)
(10067,438,5042,5031,5020,5009,5003,5002,5001,5000)
(10094,405,5041,5030,5019,5008,5002,5001,5000)
(10080,233,5050,5039,5028,5017,5006,5000)
(10047,149,5012,5013,5014,5015,5021,5032,5043)
(10133,308,5012,5013,5014,5015,5021,5032,5043)
(10235,101,5002,5001,5000,5005,5016,5027,5038,5049)
(10487,135,5025,5031,5042,5053)
(10046,433,5023,5024,5025,5031,5042,5053)
(10452,374,5023,5024,5025,5031,5042,5053)
(10324,27,5049,5038,5027,5016,5011,5012,5013)
(10278,521,5031,5020,5009,5003,5002)
(10377,480,5054,5043,5032,5021,5010,5004,5003)
(10021,93,5050,5039,5028,5017,5006,5001,5002)
(10431,98,5049,5038,5027,5016,5011,5012,5013)
(10261,14,5002,5001,5000,5005,5016,5027,5038,5049)
(10161,59,5013,5012,5011,5016,5027,5038,5049)
(10354,101,5022,5023,5029,5040,5051)
(10112,247,5000,5001,5002,5003,5009,5020,5031)
(10311,476,5028,5017,5006)
(10190,321,5043,5032,5021,5010,5004,5003)
(10282,85,5049,5038,5027,5016,5005,5000,5001)
(10194,8,5003,5002,5001,5000,5005,5016,5027,5038,5049)
(10477,15,5022,5023,5029,5040,5051)
(10082,72,5022,5023,5024,5025,5031,5042,5053)
(10425,378,5022,5023,5024,5025,5031,5042,5053)
(10511,382,5022,5023,5024,5025,5031,5042,5053)
(10502,364,5028,5017,5006)
(10272,506,5038,5027,5016,5005,5000,5001,5002,5003)
(10044,281,5049,5038,5027,5016,5005,5000,5001,5002,5003)
(10011,103,5043,5032,5021,5010,5004,5003,5002)
(10451,69,5051,5040,5029,5018,5007,5002)
(10017,119,5049,5038,5027,5016,5011,5012,5013,5014)
(10029,419,5049,5038,5027,5016,5011,5012,5013,5014)
(10504,89,5000,5001,5002,5008,5019,5030,5041)
(10269,209,5049,5038,5027,5016,5005,5000,5001,5002,5003)
(10265,52,5053,5042,5031,5020,5009,5003,5002,5001)
(10371,110,5054,5043,5032,5021,5010,5004,5003,5002)
(10206,155,5054,5043,5032,5026,5025,5024,5023,5022)
(10277,45,5013,5012,5011,5016,5027,5038,5049)
(10386,89,5013,5012,5011,5016,5027,5038,5049)
(10314,448,5000,5001,5002,5003,5004,5010,5021,5032,5043)
(10375,204,5050,5039,5028,5017,5006,5001)
(10397,161,5039,5028,5017,5006,5001,5002,5003)
(10481,32,5054,5043,5032,5026,5025,5024,5023,5022)
(10455,143,5014,5013,5012,5011,5016,5027,5038,5049)
(10318,34,5015,5014,5013,5012,5011,5016,5027,5038,5049)
(10380,204,5015,5014,5013,5012,5011,5016,5027,5038,5049)
(10484,372,5015,5014,5013,5012,5011,5016,5027,5038,5049)
(10465,368,5031,5020,5009,5003,5002)
(10237,166,5028,5017,5006,5000)
(10251,95,5028,5017,5006,5000)
(10369,216,5028,5017,5006,5000)
(10255,63,5041,5030,5019,5008,5002,5001)
(10009,111,5050,5039,5028,5017,5012,5013,5014,5015)
(10024,424,5050,5039,5028,5017,5012,5013,5014,5015)
(10066,230,5050,5039,5028,5017,5012,5013,5014,5015)
(10073,135,5000,5001,5002,5003,5009,5020,5031,5042)
(10280,519,5041,5030,5019,5008,5002,5001)
(10390,352,5031,5020,5009,5003,5002,5001)
(10313,58,5029,5018,5007)
(10328,470,5029,5018,5007)
(10042,422,5011,5012,5013,5014,5015,5021,5032,5043)
(10454,311,5012,5013,5014,5015,5021,5032,5043)
(10365,195,5053,5042,5031,5020,5009,5003,5002,5001,5000)
(10245,494,5031,5020,5009,5003,5002,5001,5000)
(10411,28,5043,5032,5021,5010,5004,5003)
(10049,150,5039,5028,5017,5006,5001,5002,5003,5004)
(10166,411,5049,5038,5027,5016,5005,5000,5001,5002,5003,5004)
(10267,70,5041,5030,5019,5013,5012,5011)
(10510,361,5041,5030,5019,5013,5012,5011)
(10491,288,5054,5043,5032,5021,5010,5004,5003,5002,5001)
(10222,495,5043,5032,5021,5010,5004,5003,5002,5001)
(10104,229,5050,5039,5028,5017,5006,5001,5002,5003,5004)
(10373,199,5000,5001,5002,5003,5009,5020,5031,5042,5053)
(10417,68,5032,5043,5054)
(10420,385,5032,5043,5054)
(10173,408,5012,5013,5014,5015,5021,5032,5043,5054)
(10508,283,5030,5019,5008,5002,5001,5000)
(10391,375,5041,5030,5019,5008,5002,5001,5000)
(10453,128,5051,5040,5029,5018,5007,5001)
(10435,127,5029,5018,5007)
(10095,36,5049,5038,5027,5016,5011,5012,5013,5014,5015)
(10361,479,5050,5039,5028,5017,5012,5013,5014,5015)
(10368,200,5050,5039,5028,5017,5012,5013,5014,5015)
(10427,173,5050,5039,5028,5017,5012,5013,5014,5015)
(10309,477,5029,5018,5007,5001)
(10450,61,5039,5028,5017,5006,5001,5002)
(10419,53,5025,5026,5032,5043,5054)
(10018,269,5023,5024,5025,5026,5032,5043,5054)
(10498,356,5031,5020,5009,5003,5002,5001,5000)
(10469,365,5043,5032,5021,5010,5004,5003,5002,5001)
(10030,91,5011,5012,5013,5014,5015,5021,5032,5043,5054)
(10408,376,5029,5018,5007,5001,5000)
(10486,141,5051,5040,5029,5018,5013,5014,5015)
(10496,286,5051,5040,5029,5018,5013,5014,5015)
(10476,9,5011,5012,5013,5014,5015,5021,5032,5043,5054)
(10171,156,5023,5024,5025,5026,5032,5043,5054)
(10092,21,5004,5003,5002,5001,5000,5005,5016,5027,5038,5049)
(10433,142,5032,5043,5054)
(10226,303,5023,5024,5025,5026,5032,5043,5054)
(10274,506,5022,5023,5024,5025,5026,5032,5043,5054)
(10426,56,5050,5039,5028,5017,5006,5001,5002,5003)
(10127,67,5004,5003,5002,5001,5000,5005,5016,5027,5038,5049)
(10174,106,5004,5003,5002,5001,5000,5005,5016,5027,5038,5049)
(10183,403,5004,5003,5002,5001,5000,5005,5016,5027,5038,5049)
(10445,58,5032,5043,5054)
(10140,82,5050,5039,5028,5017,5006,5001,5002,5003,5004)
